0.460997
0.466276
0.471554
0.507918
0.532551
0.575367
0.598240
0.598827
0.598827
0.598827
0.563050
0.517302
0.472727
0.444575
0.411144
0.392962
0.380059
0.374194
0.365396
0.361290
0.355425
0.360117
0.368915
0.381232
0.387097
0.382991
0.386510
0.398827
0.382405
0.368915
0.364223
0.367155
0.363050
0.363636
0.358358
0.358358
0.371261
0.368915
0.372434
0.370674
0.370674
0.376540
0.391202
0.401173
0.422874
0.429326
0.433431
0.439883
0.428153
0.421114
0.400000
0.400587
0.405279
0.407038
0.405865
0.414663
0.426393
0.429326
0.440469
0.439883
0.456305
0.452786
0.446921
0.452199
0.459238
0.452199
0.467449
0.479765
0.479179
0.486804
0.496774
0.499120
0.493255
0.493255
0.484457
0.490909
0.479765
0.462757
0.460411
0.460411
0.476246
0.480938
0.475660
0.475660
0.465689
0.442229
0.598827
0.598827
0.598827
0.598827
0.398827
0.262170
0.400587
0.469795
0.489150
0.475660
0.472141
0.487390
0.496774
0.507918
0.522581
0.538416
0.538416
0.534897
0.541936
0.548974
0.553666
0.574780
0.598240
0.598827
0.598827
0.598827
0.598827
0.598827
0.598827
0.590616
0.544282
0.503812
0.470381
0.446334
0.428153
0.416422
0.404106
0.399413
0.402346
0.398240
0.391789
0.394135
0.400000
0.396481
0.409971
0.428739
0.428739
0.424047
0.426393
0.417595
0.410557
0.406452
0.421701
0.429912
0.446921
0.447507
0.441056
0.428739
0.421701
0.416422
0.431672
0.428739
0.434018
0.436364
0.436950
0.449267
0.448094
0.443402
0.451026
0.451026
0.446921
0.451026
0.446921
0.459238
0.464516
0.480938
0.497361
0.510264
0.530205
0.526686
0.519648
0.503226
0.503226
0.502053
0.490909
0.473314
0.475660
0.480352
0.493255
0.496188
0.506158
0.507918
0.493255
0.469208
0.598827
0.598827
0.598827
0.598827
0.445748
0.279765
0.395308
0.487977
0.507331
0.469795
0.441056
0.442815
0.442815
0.435191
0.470968
0.495601
0.480352
0.480352
0.469208
0.463930
0.482111
0.490909
0.520235
0.546041
0.563050
0.585924
0.581818
0.577126
0.548974
0.483284
0.435777
0.411144
0.362463
0.335484
0.337243
0.330205
0.326100
0.326686
0.317302
0.285044
0.277419
0.298534
0.317889
0.335484
0.356598
0.375953
0.398827
0.398240
0.409384
0.398240
0.394135
0.419941
0.402933
0.370674
0.363050
0.350147
0.351906
0.344868
0.348387
0.353666
0.350147
0.351906
0.347801
0.347214
0.343695
0.334897
0.320821
0.309677
0.300293
0.299707
0.304985
0.313196
0.319648
0.341349
0.358358
0.371261
0.382405
0.405279
0.412903
0.407625
0.397067
0.404106
0.407038
0.402346
0.404692
0.414663
0.432845
0.431672
0.421701
0.426979
0.435777
0.443988
0.452199
0.453959
0.468622
0.475073
0.472727
0.450440
0.471554
0.451026
0.373021
0.459824
0.598827
0.598827
0.598827
0.454545
0.201173
0.327859
0.456892
0.490909
0.492082
0.494428
0.492082
0.473314
0.465689
0.455718
0.468622
0.496188
0.527273
0.557771
0.587683
0.598827
0.598827
0.598827
0.598827
0.598827
0.598827
0.598827
0.598827
0.598827
0.598827
0.569501
0.523754
0.496774
0.476246
0.464516
0.449267
0.443402
0.428153
0.422874
0.418182
0.401760
0.405279
0.410557
0.402346
0.391789
0.391202
0.391202
0.395894
0.403519
0.411144
0.440469
0.483284
0.490909
0.488563
0.472727
0.456892
0.448680
0.441056
0.436364
0.436364
0.441642
0.443402
0.449853
0.455132
0.458651
0.468035
0.463930
0.452786
0.462757
0.466276
0.479765
0.501466
0.504399
0.505572
0.516129
0.520235
0.511437
0.507918
0.482698
0.449853
0.419941
0.398240
0.400000
0.394135
0.392375
0.394721
0.392962
0.398827
0.404106
0.415836
0.418182
0.377713
0.450440
0.598827
0.598827
0.598827
0.563636
0.191789
0.225806
0.353666
0.434604
0.446334
0.445161
0.452786
0.464516
0.466862
0.478592
0.497947
0.513783
0.525513
0.534311
0.550147
0.565982
0.572434
0.586510
0.592962
0.592962
0.598827
0.598827
0.598827
0.598827
0.570675
0.526100
0.469795
0.419355
0.380059
0.371848
0.364223
0.355425
0.357185
0.353666
0.356012
0.385924
0.397067
0.403519
0.394135
0.388270
0.390616
0.391789
0.397067
0.398240
0.401760
0.408211
0.415249
0.419355
0.429912
0.421114
0.421701
0.432845
0.420528
0.417595
0.418768
0.420528
0.441056
0.451613
0.448094
0.441056
0.445748
0.456305
0.461584
0.465103
0.483871
0.508504
0.517302
0.510264
0.503226
0.502639
0.515543
0.507331
0.512024
0.517302
0.523167
0.527273
0.534897
0.537830
0.530792
0.513197
0.470381
0.472727
0.505572
0.478592
0.392962
0.390029
0.388270
0.394135
0.405279
0.408798
0.407625
0.388270
0.530205
0.598827
0.598827
0.598827
0.293842
0.273314
0.421114
0.470381
0.457478
0.428739
0.412903
0.422874
0.439883
0.460411
0.486217
0.507331
0.513197
0.509677
0.516129
0.523167
0.533138
0.550147
0.581232
0.598827
0.598827
0.598827
0.598827
0.598827
0.598827
0.598827
0.598827
0.580059
0.550147
0.536070
0.534897
0.531378
0.521994
0.514370
0.501466
0.496774
0.506158
0.531378
0.574780
0.575953
0.561290
0.555425
0.547801
0.547214
0.535484
0.539003
0.552493
0.559531
0.560117
0.561877
0.558358
0.553666
0.558358
0.570088
0.579472
0.585337
0.598827
0.598827
0.598827
0.598827
0.587683
0.572434
0.555425
0.541936
0.532551
0.514370
0.502053
0.503226
0.509091
0.513197
0.517302
0.518475
0.521994
0.537243
0.550147
0.556012
0.556012
0.563636
0.559531
0.527859
0.512610
0.507918
0.513197
0.513197
0.511437
0.535484
0.548387
0.544868
0.546628
0.550147
0.546628
0.598827
0.598827
0.598827
0.598827
0.598827
0.598827
0.489736
0.517302
0.598827
0.598827
0.598827
0.591202
0.576540
0.586510
0.598827
0.598827
0.598827
0.598827
0.598827
0.598827
0.598827
0.598827
0.598827
0.598827
0.598827
0.598827
0.598827
0.598827
0.598827
0.598827
0.598827
0.580059
0.540176
0.509091
0.482698
0.468622
0.460411
0.451026
0.443402
0.434604
0.427566
0.428739
0.435777
0.430499
0.424633
0.433431
0.442815
0.443402
0.441056
0.424047
0.398827
0.395308
0.389443
0.370674
0.355425
0.355425
0.347801
0.342522
0.349560
0.365396
0.387683
0.405865
0.418182
0.416422
0.408211
0.407625
0.402933
0.384164
0.363050
0.350147
0.347214
0.346041
0.352493
0.361290
0.371261
0.376540
0.389443
0.392962
0.418768
0.428153
0.416422
0.408798
0.405865
0.415836
0.411144
0.406452
0.405279
0.409971
0.407038
0.406452
0.408211
0.402346
0.363050
0.476833
0.598827
0.598827
0.598827
0.298534
0.172434
0.314956
0.405865
0.419355
0.402346
0.384751
0.384164
0.402933
0.428153
0.442229
0.452199
0.448094
0.428739
0.418182
0.409384
0.400000
0.408798
0.429912
0.462170
0.497947
0.544282
0.576540
0.578886
0.561877
0.529032
0.475660
0.436364
0.400587
0.381232
0.364809
0.353666
0.350733
0.348387
0.348974
0.347801
0.354252
0.375367
0.380645
0.374194
0.371848
0.385924
0.381818
0.379472
0.368915
0.360704
0.360117
0.363636
0.361290
0.352493
0.354252
0.358358
0.364223
0.372434
0.377126
0.377713
0.384751
0.392375
0.398827
0.402346
0.398240
0.400587
0.398240
0.395894
0.389443
0.391789
0.394135
0.400000
0.408211
0.406452
0.404692
0.422287
0.437537
0.445748
0.448094
0.442815
0.442229
0.434018
0.436950
0.439296
0.463343
0.472141
0.459238
0.459238
0.470968
0.486217
0.468622
0.455718
0.448680
0.441642
0.437537
0.433431
0.424047
0.416422
0.388856
0.394135
0.598827
0.598827
0.598827
0.497947
0.187097
0.293255
0.412903
0.436950
0.415249
0.390029
0.382991
0.399413
0.421114
0.448094
0.469208
0.473314
0.460997
0.452199
0.443988
0.437537
0.444575
0.465103
0.504985
0.546628
0.578299
0.598827
0.598827
0.598827
0.581232
0.530792
0.481525
0.436950
0.408798
0.392375
0.388270
0.381232
0.370088
0.360117
0.356012
0.342522
0.343109
0.351320
0.362463
0.361290
0.371261
0.375367
0.365396
0.357185
0.352493
0.351320
0.346628
0.343695
0.345455
0.337243
0.339003
0.337830
0.351320
0.378299
0.409384
0.438710
0.468622
0.490323
0.503812
0.512024
0.505572
0.499707
0.492082
0.477419
0.465689
0.455718
0.446921
0.442229
0.442815
0.436364
0.435191
0.443402
0.446921
0.461584
0.474487
0.490323
0.504985
0.525513
0.536657
0.539003
0.543695
0.556598
0.555425
0.537830
0.525513
0.515543
0.515543
0.512610
0.506745
0.504985
0.510264
0.510850
0.509677
0.509677
0.509677
0.492082
0.441642
0.591789
0.598827
0.598827
0.598827
0.432258
0.242815
0.372434
0.416422
0.428739
0.416422
0.419355
0.438710
0.459238
0.486217
0.505572
0.505572
0.495015
0.510264
0.507331
0.510264
0.507918
0.510850
0.527859
0.555425
0.591789
0.598827
0.598827
0.598827
0.598827
0.590029
0.543695
0.502639
0.463930
0.442815
0.429326
0.391789
0.388856
0.398240
0.390029
0.407625
0.405865
0.419355
0.425220
0.417009
0.427566
0.442229
0.449267
0.456892
0.444575
0.439883
0.436364
0.432845
0.411144
0.387097
0.370674
0.368915
0.382991
0.401760
0.414663
0.425806
0.431085
0.439883
0.445748
0.449853
0.448680
0.443402
0.436364
0.427566
0.416422
0.404106
0.408798
0.411730
0.412903
0.410557
0.409384
0.399413
0.389443
0.387097
0.414076
0.436950
0.463930
0.494428
0.530792
0.544868
0.531378
0.530205
0.530792
0.534311
0.519062
0.510264
0.504399
0.499120
0.488563
0.477419
0.473900
0.468622
0.455132
0.422287
0.553079
0.598827
0.598827
0.598827
0.371848
0.258651
0.416422
0.494428
0.490909
0.465103
0.453372
0.465103
0.493255
0.515543
0.524927
0.523754
0.509091
0.479179
0.465103
0.466862
0.487390
0.509091
0.539003
0.577126
0.598827
0.598827
0.598827
0.598827
0.598827
0.578299
0.535484
0.495015
0.458065
0.436950
0.415249
0.403519
0.393548
0.394135
0.390616
0.391789
0.392375
0.397067
0.405865
0.402346
0.398827
0.408211
0.409971
0.407625
0.395308
0.378299
0.369501
0.374780
0.386510
0.386510
0.380059
0.368915
0.363050
0.363636
0.356012
0.358358
0.373607
0.388270
0.400587
0.415836
0.424633
0.421701
0.408798
0.397067
0.379472
0.370088
0.367155
0.367155
0.368915
0.374194
0.373021
0.366569
0.364809
0.361290
0.362463
0.368915
0.380059
0.389443
0.394135
0.398240
0.401760
0.404106
0.408211
0.409384
0.411144
0.418182
0.422874
0.428739
0.433431
0.447507
0.450440
0.432845
0.419941
0.412903
0.422287
0.415836
0.407038
0.408798
0.410557
0.407625
0.418182
0.429912
0.439296
0.436950
0.407038
0.431085
0.598827
0.598827
0.598827
0.445161
0.183578
0.320821
0.426979
0.436364
0.414663
0.412903
0.421114
0.431672
0.447507
0.465689
0.476833
0.476833
0.463343
0.463930
0.465689
0.455132
0.453959
0.478592
0.519648
0.557771
0.594135
0.598827
0.598827
0.598827
0.582991
0.537243
0.493842
0.463343
0.437537
0.418768
0.403519
0.395308
0.384164
0.379472
0.373021
0.375367
0.385337
0.397654
0.413490
0.412903
0.424633
0.436364
0.435777
0.436364
0.435191
0.437537
0.432845
0.429912
0.422287
0.409384
0.411730
0.418182
0.424047
0.428153
0.438710
0.443402
0.452786
0.462170
0.469208
0.475073
0.473900
0.469208
0.457478
0.438123
0.404692
0.383578
0.420528
0.414663
0.443988
0.443988
0.446334
0.453372
0.450440
0.446334
0.435777
0.431672
0.442229
0.443402
0.444575
0.453959
0.477419
0.487977
0.460411
0.439883
0.431085
0.436364
0.428739
0.414663
0.417009
0.418182
0.418768
0.423460
0.428739
0.432845
0.430499
0.411144
0.539589
0.598827
0.598827
0.598827
0.381232
0.218182
0.350733
0.436364
0.449853
0.433431
0.409971
0.422287
0.462757
0.499120
0.526686
0.550733
0.560117
0.564223
0.570088
0.583578
0.598827
0.598827
0.598827
0.598827
0.598827
0.598827
0.598827
0.598827
0.598827
0.598827
0.598827
0.598827
0.541936
0.466276
0.403519
0.368328
0.337830
0.309091
0.293255
0.294428
0.298534
0.316716
0.311437
0.298534
0.299707
0.304985
0.312023
0.321408
0.317889
0.298534
0.280352
0.273900
0.260997
0.239296
0.232845
0.232845
0.239883
0.255132
0.277419
0.309677
0.329619
0.342522
0.351320
0.361877
0.364223
0.365396
0.366569
0.371261
0.380059
0.390029
0.405865
0.418182
0.426393
0.428739
0.435191
0.436364
0.430499
0.415836
0.400000
0.388856
0.377126
0.388856
0.394721
0.394135
0.390029
0.398240
0.400000
0.391789
0.365396
0.344282
0.347801
0.343695
0.333724
0.332551
0.353079
0.380059
0.405279
0.439296
0.463930
0.432258
0.498534
0.598827
0.598827
0.598827
0.426979
0.185924
0.301466
0.368328
0.363050
0.331965
0.317889
0.334311
0.366569
0.397654
0.426979
0.468622
0.495015
0.484457
0.466276
0.451026
0.431672
0.435191
0.446921
0.468622
0.513197
0.571261
0.598827
0.598827
0.598827
0.598827
0.598827
0.598827
0.563636
0.536657
0.514956
0.509091
0.500293
0.519062
0.541349
0.563050
0.582405
0.598827
0.598827
0.598827
0.598827
0.598827
0.598827
0.598827
0.598827
0.592962
0.598240
0.598827
0.598827
0.598827
0.598827
0.594721
0.578886
0.564223
0.549560
0.544868
0.537830
0.542522
0.546628
0.546041
0.543109
0.536657
0.527859
0.507918
0.495015
0.486804
0.482111
0.473900
0.466276
0.469208
0.469208
0.445748
0.416422
0.392962
0.378886
0.359531
0.348974
0.358358
0.384751
0.396481
0.398240
0.397654
0.393548
0.363636
0.402933
0.598827
0.598827
0.598827
0.279179
0.105572
0.259238
0.359531
0.378886
0.373021
0.363050
0.363636
0.382405
0.404106
0.430499
0.444575
0.441056
0.432258
0.401760
0.376540
0.365396
0.367155
0.376540
0.389443
0.419355
0.456305
0.480352
0.485044
0.465103
0.419941
0.381232
0.351320
0.337243
0.340176
0.344282
0.337243
0.333724
0.341349
0.343109
0.342522
0.345455
0.360704
0.378299
0.386510
0.384164
0.395308
0.413490
0.425806
0.440469
0.443402
0.447507
0.454545
0.458065
0.459238
0.453959
0.451613
0.449267
0.449267
0.459824
0.466276
0.476833
0.488563
0.492669
0.487977
0.487977
0.483284
0.479765
0.467449
0.456892
0.451026
0.443988
0.446334
0.455718
0.468622
0.470968
0.479179
0.495015
0.479765
0.462170
0.460411
0.468035
0.469795
0.463343
0.463930
0.466276
0.468035
0.468622
0.473314
0.469795
0.446334
0.476246
0.598827
0.598827
0.598827
0.598827
0.295601
0.307331
0.448094
0.479765
0.465103
0.449853
0.434604
0.435191
0.474487
0.497947
0.514956
0.527273
0.531965
0.534897
0.526100
0.516129
0.514956
0.526686
0.550147
0.571261
0.598827
0.598827
0.598827
0.594721
0.554839
0.500880
0.452199
0.426979
0.412317
0.404692
0.409971
0.421114
0.431085
0.434604
0.434604
0.445748
0.455132
0.459824
0.462757
0.483871
0.494428
0.483284
0.470968
0.448094
0.439883
0.438710
0.442815
0.438710
0.434018
0.423460
0.418182
0.429326
0.441642
0.452199
0.472141
0.486804
0.498534
0.500293
0.512024
0.532551
0.540762
0.543109
0.554252
0.559531
0.537830
0.523167
0.508504
0.505572
0.483871
0.455718
0.441056
0.434018
0.433431
0.439296
0.442815
0.449267
0.415249
0.423460
0.598827
0.598827
0.598827
0.528446
0.190029
0.252199
0.385337
0.427566
0.414663
0.390616
0.365396
0.385924
0.419355
0.450440
0.480352
0.500293
0.489150
0.468622
0.458065
0.458651
0.449267
0.451026
0.479765
0.530205
0.575367
0.598240
0.598240
0.579472
0.540176
0.495015
0.454545
0.428153
0.416422
0.416422
0.432845
0.441642
0.446334
0.451613
0.458065
0.454545
0.438710
0.418182
0.387097
0.362463
0.355425
0.377126
0.398827
0.418182
0.433431
0.441642
0.445748
0.432258
0.400587
0.358358
0.329619
0.310264
0.302053
0.303226
0.322581
0.340176
0.361290
0.376540
0.380059
0.381818
0.389443
0.390029
0.392375
0.396481
0.395894
0.391789
0.398827
0.404692
0.411730
0.414076
0.408798
0.410557
0.401760
0.398827
0.409384
0.415836
0.424633
0.427566
0.448680
0.449267
0.419941
0.400587
0.404692
0.407625
0.382991
0.374194
0.385337
0.398827
0.407625
0.425220
0.433431
0.431085
0.399413
0.495601
0.598827
0.598827
0.598827
0.366569
0.232845
0.388270
0.453959
0.453959
0.440469
0.441056
0.460997
0.477419
0.496188
0.512610
0.510850
0.492669
0.487390
0.484457
0.476246
0.468035
0.478592
0.512610
0.556598
0.584751
0.598827
0.598827
0.598827
0.577713
0.542522
0.500293
0.463343
0.440469
0.418768
0.400000
0.394135
0.388856
0.388270
0.382991
0.384751
0.390616
0.400000
0.400587
0.402933
0.414076
0.428153
0.429912
0.428153
0.424633
0.421701
0.417009
0.404106
0.387097
0.379472
0.381818
0.385337
0.387683
0.399413
0.405865
0.421701
0.437537
0.456892
0.472141
0.468622
0.459824
0.452786
0.446334
0.437537
0.429326
0.421114
0.421701
0.421114
0.436364
0.445161
0.449853
0.454545
0.465689
0.458065
0.446334
0.437537
0.442229
0.451026
0.441642
0.439883
0.455718
0.462757
0.469795
0.487977
0.495601
0.474487
0.442815
0.598240
0.598827
0.598827
0.598827
0.397654
0.241642
0.376540
0.449267
0.458651
0.443402
0.426979
0.445161
0.473314
0.489736
0.495601
0.494428
0.474487
0.438710
0.418768
0.398827
0.374194
0.362463
0.377713
0.429326
0.501466
0.568915
0.598827
0.598827
0.598827
0.598827
0.598827
0.595894
0.560704
0.524340
0.505572
0.485631
0.483284
0.484457
0.493255
0.500880
0.511437
0.512610
0.504985
0.521994
0.544282
0.550733
0.529619
0.495015
0.455718
0.419355
0.390616
0.359531
0.326686
0.304399
0.309677
0.321994
0.346041
0.378886
0.408211
0.440469
0.469208
0.489736
0.495601
0.490909
0.483284
0.470381
0.472141
0.476833
0.484457
0.496188
0.509677
0.531378
0.547214
0.555425
0.558944
0.565396
0.558358
0.519062
0.478006
0.447507
0.418768
0.387683
0.357771
0.350147
0.363636
0.380645
0.408211
0.443402
0.471554
0.472727
0.470968
0.598827
0.598827
0.598827
0.598827
0.289150
0.296774
0.449267
0.506745
0.501466
0.478592
0.473900
0.499120
0.527273
0.544282
0.559531
0.557185
0.531378
0.499120
0.482698
0.466862
0.459824
0.473314
0.494428
0.521994
0.540176
0.553079
0.560704
0.550733
0.524340
0.479179
0.433431
0.401760
0.373607
0.353079
0.334311
0.334897
0.330792
0.332551
0.348387
0.360704
0.384751
0.401173
0.413490
0.419941
0.434604
0.452199
0.446921
0.416422
0.401760
0.405279
0.396481
0.378299
0.347801
0.316716
0.290909
0.273900
0.250440
0.245748
0.258651
0.279765
0.307331
0.324340
0.344282
0.355425
0.357771
0.356012
0.348974
0.341349
0.333724
0.330205
0.331378
0.331965
0.336657
0.340176
0.350147
0.354252
0.367155
0.384164
0.402933
0.408211
0.416422
0.425220
0.429912
0.424633
0.408798
0.408211
0.405865
0.422287
0.422874
0.421701
0.426393
0.434018
0.434604
0.436950
0.447507
0.460411
0.451613
0.515543
0.598827
0.598827
0.598827
0.598827
0.255132
0.374194
0.467449
0.463930
0.428739
0.415249
0.424047
0.436364
0.453372
0.466276
0.483284
0.482111
0.485631
0.487390
0.499120
0.501466
0.511437
0.543109
0.563636
0.571261
0.561290
0.553079
0.539589
0.513783
0.478006
0.441056
0.412317
0.394135
0.382405
0.372434
0.371848
0.359531
0.352493
0.310264
0.365982
0.371848
0.405279
0.410557
0.365396
0.391789
0.417595
0.425220
0.428739
0.409971
0.421701
0.427566
0.430499
0.412903
0.407038
0.405279
0.404106
0.415249
0.419941
0.431085
0.443402
0.454545
0.465103
0.481525
0.489736
0.489736
0.483871
0.475073
0.460997
0.449267
0.451613
0.462170
0.485044
0.503226
0.515543
0.530792
0.548974
0.539589
0.526686
0.522581
0.530792
0.527859
0.516716
0.509091
0.510850
0.515543
0.520235
0.523754
0.519648
0.488563
0.503812
0.598827
0.598827
0.598827
0.598827
0.288563
0.293842
0.435777
0.476833
0.460997
0.428739
0.419355
0.441642
0.480352
0.517302
0.548974
0.548974
0.518475
0.487977
0.476246
0.470381
0.471554
0.481525
0.505572
0.530205
0.546628
0.551320
0.547214
0.517889
0.490323
0.456892
0.433431
0.416422
0.402933
0.397067
0.409384
0.414076
0.422874
0.435191
0.433431
0.443402
0.457478
0.466276
0.472727
0.493842
0.521408
0.526100
0.529619
0.505572
0.485044
0.458651
0.446334
0.439296
0.431672
0.434018
0.451026
0.461584
0.473314
0.482698
0.493842
0.497947
0.500293
0.502639
0.496188
0.494428
0.482111
0.473314
0.468622
0.470968
0.465689
0.460997
0.462170
0.465689
0.467449
0.474487
0.486804
0.499707
0.514370
0.512610
0.514370
0.520821
0.500880
0.492082
0.485631
0.494428
0.485631
0.475660
0.481525
0.494428
0.496774
0.491496
0.489150
0.478006
0.442229
0.451613
0.598827
0.598827
0.598827
0.477419
0.177126
0.303226
0.420528
0.439883
0.424047
0.407625
0.395308
0.411144
0.422874
0.439883
0.442815
0.433431
0.421114
0.414076
0.409384
0.414663
0.431672
0.453372
0.482698
0.511437
0.543109
0.553666
0.561877
0.544282
0.514956
0.483871
0.447507
0.425220
0.413490
0.407038
0.406452
0.404106
0.405865
0.406452
0.410557
0.407038
0.407038
0.409384
0.395308
0.387683
0.385337
0.380645
0.389443
0.390029
0.384751
0.394135
0.391789
0.387683
0.383578
0.373021
0.368328
0.369501
0.378886
0.401760
0.419355
0.425220
0.429912
0.424047
0.421114
0.409971
0.398827
0.380059
0.365982
0.360704
0.360117
0.366569
0.370674
0.370674
0.369501
0.369501
0.375367
0.390029
0.411730
0.429326
0.436364
0.437537
0.449853
0.444575
0.423460
0.428739
0.441642
0.455132
0.440469
0.419941
0.416422
0.418768
0.434604
0.449267
0.472141
0.519062
0.517302
0.598827
0.598827
0.598827
0.598827
0.572434
0.337243
0.479179
0.546628
0.540762
0.490909
0.446334
0.419355
0.411730
0.435777
0.415249
0.381232
0.392375
0.417009
0.437537
0.455718
0.486804
0.514956
0.570088
0.598827
0.598827
0.598827
0.598827
0.598827
0.598827
0.598827
0.598827
0.578299
0.573607
0.524927
0.492669
0.476833
0.446334
0.441056
0.451613
0.449267
0.459824
0.443988
0.434018
0.426979
0.448094
0.458651
0.462757
0.462757
0.445748
0.439883
0.430499
0.414076
0.392962
0.370088
0.361877
0.365396
0.373021
0.378299
0.390616
0.407038
0.420528
0.420528
0.414663
0.404106
0.380059
0.364223
0.354252
0.347214
0.354252
0.374194
0.382991
0.385337
0.377126
0.390616
0.410557
0.411730
0.425220
0.446921
0.479765
0.482111
0.478592
0.455718
0.409384
0.354252
0.315543
0.306158
0.311437
0.284457
0.343695
0.598827
0.598827
0.598827
0.432845
0.225806
0.383578
0.544282
0.598827
0.598827
0.598827
0.598827
0.598827
0.598827
0.598827
0.598827
0.598827
0.598827
0.598827
0.598827
0.582405
0.572434
0.569501
0.580059
0.574780
0.576540
0.582405
0.551906
0.516716
0.465689
0.409384
0.363636
0.324927
0.281525
0.248680
0.204692
0.164809
0.128446
0.087390
0.040469
0.003519
0.000587
0.000587
0.000587
0.000587
0.000587
0.000587
0.000587
0.000587
0.000587
0.036950
0.099707
0.137830
0.177126
0.266276
0.381818
0.437537
0.470381
0.490323
0.499120
0.490909
0.449267
0.381818
0.309677
0.256305
0.276833
0.289150
0.217595
0.129032
0.167742
0.294428
0.357771
0.410557
0.467449
0.529032
0.593548
0.598827
0.598827
0.598827
0.598827
0.598827
0.598827
0.598827
0.598827
0.598827
0.598827
0.598827
0.598827
0.595308
0.535484
0.501466
0.476833
0.458651
0.445748
0.436364
0.425806
0.395308
0.477419
0.598827
0.598827
0.598827
0.282111
0.205865
0.354839
0.397067
0.371848
0.348974
0.344282
0.356598
0.358944
0.358358
0.360704
0.344282
0.320235
0.292082
0.273900
0.252199
0.238123
0.251613
0.282111
0.321408
0.363050
0.400587
0.431085
0.438123
0.432258
0.414076
0.411144
0.449267
0.451613
0.452786
0.449267
0.433431
0.408211
0.363050
0.297947
0.197654
0.066862
0.019355
0.093255
0.205865
0.289736
0.361290
0.409971
0.455132
0.507918
0.572434
0.598827
0.598827
0.598827
0.598827
0.598827
0.598827
0.598827
0.598827
0.598827
0.598827
0.598827
0.598827
0.571848
0.536070
0.503226
0.468035
0.435191
0.402346
0.385337
0.381232
0.382991
0.390029
0.411730
0.416422
0.408211
0.398240
0.391789
0.365396
0.324927
0.300293
0.292082
0.272727
0.251026
0.242229
0.246334
0.244575
0.251613
0.264516
0.283284
0.310850
0.317302
0.500880
0.598827
0.598827
0.598827
0.412903
0.212317
0.307331
0.356012
0.388856
0.455132
0.500293
0.520235
0.557771
0.598827
0.598827
0.598827
0.598827
0.598827
0.598827
0.598827
0.598827
0.598827
0.598827
0.598827
0.598827
0.598827
0.598827
0.598827
0.598827
0.598827
0.598827
0.598827
0.598827
0.598827
0.598827
0.582991
0.553666
0.520235
0.494428
0.476833
0.469795
0.466862
0.458651
0.452199
0.462757
0.465103
0.458651
0.454545
0.452786
0.455718
0.459238
0.458651
0.449853
0.433431
0.425806
0.407038
0.394721
0.382991
0.391789
0.412317
0.435777
0.460997
0.476833
0.494428
0.496188
0.497361
0.488563
0.466276
0.445161
0.440469
0.436950
0.435777
0.446921
0.465689
0.472141
0.475660
0.469795
0.474487
0.461584
0.433431
0.424047
0.426979
0.447507
0.457478
0.469795
0.484457
0.491496
0.492669
0.492082
0.490909
0.478592
0.441056
0.465689
0.598827
0.598827
0.598827
0.598827
0.269795
0.360117
0.475660
0.485044
0.459238
0.430499
0.425220
0.434018
0.445748
0.451026
0.449853
0.443402
0.425806
0.408798
0.416422
0.429912
0.465103
0.496188
0.544868
0.585924
0.598827
0.598827
0.598827
0.598240
0.554839
0.499120
0.453372
0.404106
0.356598
0.313783
0.303226
0.320235
0.332551
0.337830
0.348974
0.346041
0.353666
0.368915
0.378886
0.381232
0.384751
0.380645
0.378886
0.367155
0.366569
0.373607
0.380059
0.399413
0.408798
0.413490
0.411730
0.404692
0.402933
0.387097
0.376540
0.375367
0.374194
0.369501
0.368328
0.371848
0.378299
0.394135
0.399413
0.406452
0.411730
0.404106
0.398240
0.386510
0.374194
0.362463
0.340762
0.329619
0.337243
0.348387
0.365982
0.380645
0.405865
0.428153
0.449267
0.456892
0.471554
0.483871
0.463343
0.447507
0.443988
0.449853
0.441056
0.425220
0.424047
0.421701
0.411730
0.403519
0.395894
0.398827
0.414076
0.401760
0.450440
0.598827
0.598827
0.598827
0.465689
0.206452
0.320235
0.435777
0.460997
0.447507
0.442815
0.452786
0.468035
0.484457
0.505572
0.500293
0.479765
0.464516
0.459824
0.456305
0.455132
0.466862
0.503226
0.551320
0.597654
0.598827
0.598827
0.598827
0.598827
0.577126
0.523167
0.469795
0.421114
0.371261
0.343109
0.319062
0.314369
0.330205
0.346041
0.357771
0.373021
0.394721
0.411730
0.426979
0.446334
0.468622
0.473314
0.454545
0.417595
0.392375
0.377713
0.374194
0.368328
0.360704
0.363636
0.378886
0.398240
0.421114
0.445161
0.460997
0.484457
0.506158
0.521408
0.520235
0.512024
0.499707
0.482111
0.463930
0.448094
0.431085
0.415249
0.398827
0.398827
0.423460
0.449267
0.479765
0.498534
0.509677
0.522581
0.532551
0.543695
0.556012
0.569501
0.558944
0.541349
0.531378
0.533138
0.533724
0.517302
0.505572
0.496188
0.492669
0.495015
0.487390
0.491496
0.494428
0.469208
0.560117
0.598827
0.598827
0.598827
0.581232
0.295601
0.439883
0.533724
0.532551
0.491496
0.459238
0.453959
0.455718
0.451613
0.450440
0.443402
0.435191
0.425806
0.429912
0.456892
0.488563
0.510264
0.541936
0.588270
0.598827
0.598827
0.598827
0.598827
0.598827
0.583578
0.546628
0.513197
0.486804
0.469208
0.451613
0.441642
0.435777
0.439883
0.432258
0.417595
0.419355
0.426393
0.425220
0.407625
0.379472
0.371261
0.367742
0.384164
0.381232
0.377713
0.378299
0.384164
0.384164
0.373607
0.361290
0.358944
0.355425
0.350733
0.352493
0.362463
0.368915
0.375367
0.384164
0.388856
0.395894
0.391789
0.382405
0.373607
0.369501
0.371261
0.372434
0.370674
0.365982
0.368915
0.375367
0.375953
0.371261
0.367742
0.368328
0.372434
0.384164
0.402933
0.434604
0.431085
0.428153
0.421114
0.429912
0.432258
0.426979
0.427566
0.443402
0.440469
0.422287
0.416422
0.406452
0.394135
0.384164
0.372434
0.367742
0.372434
0.355425
0.462757
0.598827
0.598827
0.598827
0.368328
0.270381
0.426979
0.493842
0.496774
0.476246
0.467449
0.455718
0.442815
0.424047
0.436364
0.451613
0.481525
0.494428
0.500293
0.509677
0.513197
0.513783
0.534897
0.574194
0.598827
0.598827
0.598827
0.598827
0.598827
0.581818
0.536657
0.497361
0.458651
0.439883
0.427566
0.419355
0.419941
0.420528
0.427566
0.430499
0.431672
0.432258
0.436950
0.439296
0.441642
0.446921
0.434604
0.417009
0.400587
0.388856
0.390029
0.390616
0.373021
0.361877
0.351320
0.343109
0.344282
0.350147
0.356598
0.366569
0.386510
0.408211
0.421701
0.434604
0.442229
0.446334
0.440469
0.433431
0.430499
0.427566
0.423460
0.425806
0.426979
0.441642
0.457478
0.465103
0.469795
0.483284
0.480938
0.453959
0.431672
0.428153
0.436950
0.426979
0.425806
0.432845
0.438123
0.446921
0.454545
0.461584
0.467449
0.441056
0.563050
0.598827
0.598827
0.598827
0.477419
0.249267
0.369501
0.457478
0.470968
0.456892
0.441056
0.447507
0.482111
0.512024
0.529032
0.534311
0.520821
0.484457
0.462757
0.465103
0.475660
0.481525
0.493842
0.509677
0.541349
0.568915
0.591202
0.598827
0.580059
0.557771
0.530792
0.506745
0.489150
0.468622
0.449267
0.438710
0.441642
0.441642
0.445161
0.446334
0.439883
0.440469
0.445161
0.441056
0.446921
0.453959
0.446921
0.438710
0.435777
0.428739
0.434604
0.444575
0.456305
0.456305
0.453959
0.452199
0.444575
0.438123
0.435777
0.429326
0.436950
0.440469
0.443988
0.446921
0.443988
0.430499
0.419941
0.402933
0.398240
0.405279
0.423460
0.439883
0.450440
0.458065
0.450440
0.452199
0.458065
0.458065
0.450440
0.461584
0.464516
0.449267
0.442815
0.442815
0.452786
0.455132
0.445748
0.439883
0.438710
0.435777
0.435191
0.431085
0.429326
0.391202
0.459824
0.598827
0.598827
0.598827
0.378299
0.229912
0.390616
0.465689
0.462170
0.429912
0.410557
0.416422
0.426393
0.436364
0.443402
0.439883
0.435777
0.426979
0.436364
0.460997
0.473900
0.494428
0.526100
0.557771
0.582991
0.581818
0.571261
0.548387
0.520821
0.486804
0.451613
0.432258
0.414076
0.395308
0.392375
0.379472
0.379472
0.377126
0.373021
0.375367
0.374780
0.378299
0.388856
0.378299
0.364809
0.353079
0.327859
0.316129
0.329032
0.338416
0.350147
0.356598
0.360117
0.352493
0.338416
0.327273
0.326100
0.326100
0.318475
0.321994
0.333724
0.346041
0.356598
0.358358
0.369501
0.387097
0.392962
0.403519
0.414076
0.417595
0.431672
0.433431
0.439883
0.445748
0.446921
0.452786
0.480352
0.492082
0.491496
0.493842
0.502053
0.493842
0.482698
0.479179
0.476833
0.479765
0.455132
0.437537
0.422874
0.411144
0.408798
0.423460
0.438123
0.443988
0.436364
0.578886
0.598827
0.598827
0.598827
0.351906
0.224633
0.371848
0.449267
0.455132
0.446334
0.438710
0.443988
0.471554
0.506158
0.528446
0.533138
0.530205
0.528446
0.524927
0.521994
0.522581
0.531965
0.551906
0.580645
0.598827
0.598827
0.598827
0.598827
0.596481
0.556012
0.514956
0.483284
0.463930
0.446921
0.430499
0.428739
0.430499
0.427566
0.422287
0.415249
0.418182
0.429326
0.428739
0.418768
0.428153
0.442229
0.435777
0.420528
0.402933
0.392375
0.401760
0.412903
0.412317
0.410557
0.414663
0.418182
0.428739
0.441642
0.453959
0.474487
0.496774
0.514370
0.518475
0.515543
0.503812
0.487977
0.468622
0.465103
0.468622
0.473314
0.485631
0.507331
0.542522
0.548387
0.539589
0.520235
0.500880
0.491496
0.459238
0.439296
0.429326
0.427566
0.425806
0.439883
0.455718
0.450440
0.400587
0.547801
0.598827
0.598827
0.598827
0.194721
0.099120
0.219941
0.307331
0.299707
0.250440
0.251613
0.276833
0.314956
0.357771
0.394721
0.398240
0.423460
0.424047
0.421701
0.449267
0.438123
0.419941
0.448680
0.496188
0.547801
0.587683
0.598827
0.598827
0.592962
0.542522
0.480938
0.416422
0.382405
0.384751
0.411730
0.452199
0.496774
0.526100
0.543109
0.552493
0.576540
0.598240
0.587683
0.574780
0.573607
0.581232
0.556012
0.519648
0.476833
0.453372
0.444575
0.443402
0.419941
0.404692
0.392962
0.371261
0.369501
0.387683
0.405279
0.423460
0.434604
0.426979
0.411144
0.395894
0.368328
0.347214
0.344282
0.348974
0.353079
0.357185
0.373607
0.381232
0.375953
0.365396
0.371848
0.391202
0.407625
0.412903
0.409971
0.400587
0.404106
0.399413
0.404692
0.426393
0.414076
0.426393
0.598827
0.598827
0.598827
0.598827
0.215836
0.272727
0.417009
0.434018
0.402346
0.380059
0.379472
0.397067
0.415836
0.459824
0.496188
0.503812
0.499120
0.507331
0.499707
0.502053
0.520821
0.531965
0.543695
0.558358
0.591202
0.598827
0.598827
0.598827
0.598827
0.556598
0.495015
0.444575
0.404692
0.373021
0.355425
0.345455
0.348387
0.349560
0.347801
0.346628
0.361290
0.378886
0.384751
0.387097
0.404106
0.407625
0.401760
0.391202
0.371848
0.364223
0.362463
0.366569
0.348387
0.339003
0.339003
0.347214
0.356598
0.360704
0.366569
0.373607
0.387683
0.409384
0.423460
0.419941
0.417595
0.418182
0.431672
0.448094
0.463343
0.480352
0.496188
0.498534
0.486217
0.478006
0.456305
0.439296
0.440469
0.438710
0.445748
0.448094
0.448094
0.458651
0.472727
0.487977
0.499120
0.500880
0.494428
0.500293
0.490909
0.451026
0.422874
0.403519
0.391202
0.382405
0.392375
0.416422
0.455132
0.492669
0.523167
0.546628
0.565396
0.558358
0.489736
0.524340
0.598827
0.598827
0.598827
0.598827
0.197067
0.353666
0.439883
0.443402
0.439296
0.468035
0.509677
0.527859
0.534897
0.535484
0.520821
0.501466
0.490909
0.469795
0.429912
0.414076
0.424047
0.461584
0.527859
0.598827
0.598827
0.598827
0.598827
0.598827
0.598827
0.581232
0.533724
0.502053
0.487390
0.476833
0.466276
0.443988
0.420528
0.397067
0.375367
0.380059
0.397067
0.413490
0.428153
0.443988
0.443988
0.440469
0.424633
0.396481
0.377713
0.358358
0.337830
0.323167
0.306745
0.299120
0.297947
0.307918
0.321408
0.330205
0.343109
0.355425
0.358944
0.361290
0.368328
0.364809
0.350733
0.330205
0.319062
0.312023
0.304399
0.298534
0.295015
0.293255
0.292082
0.296774
0.305572
0.323754
0.353079
0.388856
0.413490
0.418768
0.423460
0.431085
0.449267
0.465689
0.476833
0.490323
0.508504
0.538416
0.553079
0.556598
0.560704
0.572434
0.579472
0.567155
0.556012
0.554839
0.574194
0.564223
0.556012
0.553079
0.550733
0.541349
0.533138
0.528446
0.521994
0.519062
0.502639
0.495015
0.598827
0.598827
0.598827
0.598827
0.360117
0.321408
0.446921
0.476833
0.459824
0.449267
0.458065
0.479765
0.496774
0.504985
0.516716
0.519062
0.516129
0.512610
0.513783
0.514956
0.514956
0.538416
0.577713
0.598827
0.598827
0.598827
0.598827
0.598827
0.598827
0.574780
0.527273
0.481525
0.456305
0.446921
0.439883
0.421701
0.413490
0.403519
0.391789
0.385924
0.394721
0.395894
0.387097
0.385337
0.396481
0.399413
0.400000
0.397067
0.398827
0.408798
0.418768
0.418768
0.408798
0.386510
0.367742
0.346628
0.330792
0.325513
0.327273
0.336657
0.351906
0.370088
0.382991
0.392375
0.392375
0.388270
0.387683
0.382405
0.384751
0.382405
0.382405
0.388856
0.388270
0.388270
0.384164
0.381818
0.387097
0.390029
0.394721
0.401173
0.404106
0.410557
0.415249
0.417009
0.423460
0.428739
0.425806
0.426979
0.431672
0.445161
0.435191
0.393548
0.357771
0.331378
0.314369
0.273900
0.243988
0.251613
0.248094
0.241056
0.243988
0.245748
0.222874
0.251026
0.257478
0.442229
0.598827
0.598827
0.598827
0.240469
0.225220
0.418182
0.517889
0.527859
0.513197
0.517302
0.521408
0.568328
0.598827
0.598827
0.598827
0.598827
0.598827
0.598827
0.598827
0.598827
0.598827
0.598827
0.598827
0.598827
0.598827
0.598827
0.598827
0.598827
0.598827
0.598827
0.538416
0.465689
0.392375
0.336657
0.312023
0.300293
0.298534
0.296188
0.304985
0.319062
0.336657
0.353079
0.371848
0.391202
0.393548
0.384164
0.391202
0.399413
0.417009
0.442229
0.463930
0.454545
0.442815
0.428739
0.428739
0.427566
0.391789
0.350147
0.336657
0.343695
0.360117
0.391789
0.413490
0.422874
0.423460
0.421701
0.414076
0.411730
0.395894
0.382991
0.353666
0.325513
0.306158
0.304399
0.324927
0.356598
0.378886
0.396481
0.417009
0.441642
0.441056
0.445161
0.460411
0.485631
0.491496
0.482111
0.472727
0.469795
0.463930
0.469208
0.461584
0.447507
0.387097
0.439883
0.598827
0.598827
0.598827
0.491496
0.129619
0.287390
0.387683
0.400000
0.384751
0.368328
0.380645
0.404106
0.424047
0.457478
0.486804
0.500880
0.505572
0.508504
0.506158
0.493255
0.492669
0.497947
0.517302
0.536657
0.541349
0.534897
0.510264
0.482698
0.439296
0.405279
0.388856
0.390616
0.401173
0.417595
0.447507
0.476833
0.538416
0.598827
0.598827
0.598827
0.598827
0.598827
0.598827
0.598827
0.598827
0.598827
0.598827
0.598827
0.598827
0.595894
0.512610
0.428739
0.363050
0.309091
0.279179
0.295015
0.337243
0.396481
0.449267
0.475073
0.485631
0.475660
0.438123
0.394135
0.337243
0.294428
0.263930
0.250440
0.255132
0.258065
0.272141
0.275660
0.267449
0.273314
0.275660
0.285044
0.292082
0.303226
0.312023
0.341935
0.399413
0.453959
0.504399
0.560117
0.590616
0.581232
0.564809
0.543109
0.526100
0.487390
0.442229
0.415836
0.380059
0.361290
0.356012
0.364809
0.375367
0.356598
0.493255
0.598827
0.598827
0.598827
0.402933
0.302053
0.453959
0.517302
0.511437
0.490909
0.469795
0.466276
0.478006
0.478592
0.471554
0.463930
0.454545
0.449853
0.449267
0.452786
0.458065
0.478006
0.503226
0.552493
0.598827
0.598827
0.598827
0.598827
0.598827
0.598827
0.555425
0.510850
0.469208
0.446334
0.436950
0.436950
0.441056
0.435777
0.439883
0.446334
0.453959
0.460997
0.436950
0.398240
0.347214
0.320821
0.307331
0.318475
0.329619
0.332551
0.330205
0.336657
0.335484
0.340762
0.348974
0.354252
0.361877
0.360704
0.363050
0.351320
0.345455
0.340762
0.328446
0.304985
0.295601
0.286217
0.287390
0.289150
0.300880
0.308504
0.321408
0.338416
0.343109
0.343109
0.335484
0.339003
0.329619
0.354839
0.383578
0.418768
0.443988
0.495015
0.513197
0.508504
0.534897
0.553666
0.570675
0.555425
0.538416
0.523167
0.491496
0.472141
0.473900
0.509677
0.525513
0.579472
0.598827
0.598827
0.598827
0.598827
0.539003
0.373607
0.492669
0.521994
0.479179
0.412903
0.351320
0.339589
0.357771
0.374194
0.407625
0.449853
0.460997
0.469208
0.487390
0.509677
0.532551
0.557185
0.575953
0.582405
0.575367
0.564223
0.555425
0.537830
0.516716
0.495015
0.476246
0.459824
0.446921
0.433431
0.424047
0.420528
0.416422
0.427566
0.435191
0.449853
0.458651
0.459824
0.471554
0.494428
0.498534
0.494428
0.496188
0.491496
0.487977
0.473900
0.449267
0.407625
0.373021
0.355425
0.369501
0.402346
0.432845
0.438710
0.429326
0.422287
0.444575
0.485631
0.520821
0.554839
0.574194
0.570675
0.558358
0.539003
0.533138
0.532551
0.533138
0.543695
0.574780
0.581232
0.561877
0.554839
0.551906
0.542522
0.519062
0.492082
0.469795
0.446921
0.421114
0.418182
0.420528
0.397067
0.399413
0.598827
0.598827
0.598827
0.598827
0.124927
0.195308
0.318475
0.347214
0.348387
0.348387
0.366569
0.418768
0.463930
0.506745
0.559531
0.598827
0.598827
0.598827
0.598827
0.598827
0.598827
0.598827
0.598827
0.598827
0.598827
0.598827
0.598827
0.598827
0.598827
0.598827
0.598827
0.560704
0.489736
0.441642
0.383578
0.348974
0.363636
0.442815
0.534311
0.595308
0.598827
0.598827
0.579472
0.554839
0.541936
0.524340
0.495015
0.458065
0.426979
0.414663
0.414076
0.412317
0.384164
0.348387
0.299120
0.252199
0.219355
0.200000
0.214076
0.241642
0.278592
0.294428
0.287390
0.270968
0.236950
0.201173
0.170088
0.144282
0.126686
0.131378
0.133724
0.133724
0.148974
0.161877
0.161877
0.180059
0.212317
0.258651
0.287390
0.311437
0.352493
0.390616
0.405279
0.401173
0.380645
0.337830
0.265103
0.322581
0.598827
0.598827
0.277419
0.000587
0.000587
0.000587
0.000587
0.084457
0.234018
0.305572
0.409971
0.485044
0.536657
0.575953
0.597654
0.594721
0.572434
0.555425
0.543109
0.510264
0.468622
0.466862
0.484457
0.520821
0.544868
0.547214
0.533138
0.503226
0.467449
0.430499
0.396481
0.384751
0.390616
0.419941
0.456892
0.500293
0.541936
0.578886
0.598827
0.598827
0.598827
0.598827
0.598827
0.598827
0.598827
0.552493
0.442229
0.377713
0.354839
0.361290
0.400587
0.401760
0.349560
0.310850
0.301466
0.301466
0.307331
0.329032
0.386510
0.425220
0.441056
0.436950
0.435777
0.434018
0.406452
0.388856
0.396481
0.418768
0.425806
0.430499
0.435777
0.442229
0.445161
0.447507
0.451026
0.475073
0.498534
0.519062
0.541936
0.558944
0.526686
0.574780
0.598827
0.598827
0.598827
0.598827
0.420528
0.429912
0.527859
0.534311
0.499120
0.463343
0.438123
0.433431
0.454545
0.471554
0.475660
0.492082
0.512610
0.538416
0.564809
0.575953
0.574780
0.572434
0.585924
0.598827
0.598827
0.598827
0.598827
0.598827
0.598827
0.598827
0.570088
0.534311
0.502639
0.491496
0.486217
0.474487
0.462757
0.458651
0.463343
0.471554
0.473314
0.466862
0.459824
0.447507
0.435777
0.422287
0.411730
0.404106
0.401760
0.401173
0.404692
0.393548
0.378299
0.366569
0.356012
0.350147
0.353666
0.368328
0.385924
0.388856
0.392375
0.405279
0.416422
0.417595
0.417009
0.436950
0.459824
0.474487
0.498534
0.526100
0.529032
0.507331
0.492082
0.496188
0.493842
0.469208
0.456892
0.453959
0.460411
0.471554
0.482698
0.507918
0.507918
0.483284
0.598827
0.598827
0.598827
0.598827
0.301466
0.293842
0.446334
0.484457
0.489736
0.481525
0.476833
0.492082
0.500293
0.495601
0.487977
0.485631
0.484457
0.478592
0.468622
0.472727
0.476246
0.483871
0.499707
0.531965
0.563050
0.587683
0.598827
0.595308
0.559531
0.511437
0.480352
0.452786
0.421701
0.381232
0.335484
0.316716
0.320235
0.324927
0.342522
0.365982
0.376540
0.392962
0.395894
0.383578
0.399413
0.408798
0.432258
0.461584
0.477419
0.478592
0.460411
0.446334
0.423460
0.428739
0.415249
0.406452
0.414076
0.423460
0.431085
0.443988
0.460997
0.485044
0.496774
0.498534
0.501466
0.497361
0.495015
0.499120
0.482698
0.480352
0.487390
0.500293
0.492082
0.476833
0.467449
0.477419
0.460997
0.445161
0.445161
0.443402
0.441642
0.452786
0.457478
0.460997
0.434604
0.490323
0.598827
0.598827
0.598827
0.449267
0.219355
0.316129
0.390616
0.402346
0.395308
0.387097
0.391789
0.415249
0.431672
0.444575
0.448680
0.453372
0.456892
0.446334
0.436950
0.431672
0.427566
0.427566
0.452786
0.483284
0.516716
0.540176
0.543695
0.528446
0.495015
0.458065
0.429912
0.395308
0.359531
0.311437
0.267449
0.214663
0.165396
0.128446
0.115543
0.122581
0.151906
0.222874
0.326686
0.452199
0.554252
0.598827
0.598827
0.598827
0.598827
0.598827
0.550147
0.468035
0.370088
0.276833
0.218182
0.191789
0.194135
0.218768
0.253959
0.292669
0.344868
0.436950
0.512024
0.574780
0.598827
0.598827
0.598827
0.598827
0.569501
0.526686
0.485631
0.432258
0.396481
0.357185
0.322581
0.287977
0.282111
0.311437
0.335484
0.460997
0.598827
0.598827
0.598827
0.598827
0.581818
0.499707
0.598827
0.598827
0.595308
0.534897
0.487390
0.459238
0.449267
0.445161
0.453372
0.455718
0.433431
0.392375
0.377713
0.397654
0.421701
0.459238
0.509091
0.544868
0.571261
0.586510
0.587097
0.556012
0.508504
0.459824
0.400587
0.346041
0.311437
0.304985
0.323754
0.351320
0.367742
0.375953
0.370088
0.354252
0.356598
0.396481
0.434604
0.458065
0.480938
0.496774
0.504985
0.512024
0.520235
0.509091
0.495015
0.470968
0.446921
0.419355
0.384164
0.351320
0.333138
0.316716
0.319648
0.341935
0.370674
0.388270
0.409971
0.420528
0.438123
0.429912
0.419941
0.428153
0.460411
0.481525
0.482111
0.480938
0.463930
0.426393
0.391789
0.352493
0.298534
0.222874
0.262757
0.598827
0.598827
0.598827
0.219355
0.127273
0.347801
0.492082
0.541349
0.537830
0.524340
0.514956
0.509091
0.507918
0.527273
0.560704
0.575367
0.564809
0.547214
0.526100
0.513197
0.520235
0.533724
0.566569
0.598827
0.598827
0.598827
0.598827
0.598827
0.561290
0.519648
0.491496
0.470381
0.453959
0.458651
0.476833
0.495015
0.502639
0.490909
0.468035
0.442815
0.422287
0.407625
0.428153
0.441056
0.439883
0.408211
0.354839
0.296188
0.263930
0.228739
0.232845
0.275073
0.339003
0.384164
0.402933
0.450440
0.504399
0.525513
0.514370
0.507918
0.520235
0.531965
0.538416
0.537830
0.527859
0.523754
0.509091
0.492669
0.486217
0.499120
0.490909
0.466862
0.458651
0.457478
0.454545
0.428153
0.404692
0.390616
0.375953
0.368328
0.371848
0.382991
0.382405
0.361290
0.502639
0.598827
0.598827
0.598827
0.304985
0.262757
0.419355
0.459824
0.435777
0.395308
0.401173
0.435191
0.464516
0.473900
0.487977
0.491496
0.493842
0.496774
0.497361
0.493842
0.504985
0.533724
0.565982
0.598240
0.598827
0.598827
0.598827
0.591789
0.540762
0.479179
0.429326
0.384164
0.368328
0.369501
0.365396
0.384751
0.404106
0.424633
0.435191
0.448094
0.460997
0.462170
0.462757
0.475660
0.478592
0.484457
0.500880
0.519062
0.524927
0.500293
0.429326
0.377126
0.353079
0.342522
0.351320
0.364223
0.371848
0.374780
0.376540
0.377713
0.360117
0.346041
0.341935
0.335484
0.303812
0.280352
0.261584
0.262757
0.300293
0.369501
0.456305
0.551320
0.598827
0.598827
0.598827
0.598827
0.598827
0.598827
0.598827
0.598827
0.580059
0.529619
0.500880
0.486804
0.477419
0.480352
0.497361
0.504985
0.509091
0.514956
0.523167
0.542522
0.529619
0.551320
0.598827
0.598827
0.598827
0.598827
0.341935
0.402346
0.473900
0.466276
0.427566
0.374194
0.331378
0.368328
0.448680
0.482698
0.472727
0.454545
0.435777
0.395308
0.365396
0.360704
0.384751
0.425806
0.455718
0.513783
0.581232
0.598827
0.598827
0.598827
0.598827
0.598827
0.548387
0.478592
0.421701
0.376540
0.348387
0.347801
0.353079
0.371261
0.392962
0.411144
0.409971
0.417009
0.436950
0.447507
0.459238
0.468035
0.460997
0.449267
0.436950
0.415249
0.394135
0.376540
0.370088
0.356012
0.343695
0.339003
0.339003
0.337243
0.343109
0.350147
0.363050
0.357185
0.331378
0.290323
0.239296
0.180645
0.103812
0.023460
0.000587
0.000587
0.000587
0.000587
0.000587
0.005865
0.130205
0.175953
0.173607
0.192962
0.221701
0.235191
0.229912
0.253372
0.275660
0.303812
0.341935
0.371261
0.425220
0.466862
0.491496
0.509677
0.530205
0.519062
0.483284
0.560117
0.598827
0.598827
0.598827
0.338416
0.182991
0.313196
0.417595
0.449267
0.450440
0.457478
0.507918
0.592375
0.598827
0.598827
0.598827
0.598827
0.598827
0.598827
0.598827
0.598827
0.598827
0.598827
0.598827
0.598827
0.598827
0.598827
0.591202
0.563636
0.532551
0.500880
0.474487
0.468622
0.460411
0.460411
0.467449
0.465103
0.463930
0.466862
0.469208
0.457478
0.446921
0.448094
0.438123
0.437537
0.432845
0.431085
0.431085
0.439883
0.446334
0.448094
0.439296
0.437537
0.432845
0.423460
0.417009
0.402933
0.392962
0.380645
0.384751
0.382991
0.395894
0.412317
0.407625
0.404106
0.403519
0.409971
0.392375
0.370088
0.340176
0.329032
0.347214
0.374780
0.405865
0.398240
0.382991
0.368915
0.374780
0.375367
0.387683
0.419355
0.448094
0.473314
0.483871
0.477419
0.463343
0.412903
0.504985
0.598827
0.598827
0.598827
0.380645
0.263930
0.439296
0.506158
0.514370
0.503226
0.490323
0.492082
0.496188
0.505572
0.525513
0.523754
0.521994
0.512610
0.505572
0.497947
0.509091
0.529032
0.554252
0.592375
0.598827
0.598827
0.598827
0.598827
0.598827
0.596481
0.556012
0.516716
0.475660
0.419941
0.378299
0.356598
0.356598
0.367742
0.360117
0.332551
0.307918
0.294428
0.287390
0.287977
0.296774
0.315543
0.331965
0.347214
0.379472
0.419355
0.463343
0.490909
0.510264
0.527859
0.537830
0.540176
0.541349
0.531965
0.513783
0.498534
0.485631
0.477419
0.487390
0.495015
0.502639
0.509091
0.519062
0.520821
0.516129
0.513197
0.514370
0.512024
0.513783
0.527273
0.529032
0.523754
0.519062
0.521994
0.524340
0.504985
0.500880
0.504399
0.510850
0.507918
0.509677
0.525513
0.530205
0.526100
0.530205
0.526100
0.525513
0.503812
0.598827
0.598827
0.598827
0.598827
0.425806
0.299707
0.421114
0.469208
0.459238
0.439883
0.424633
0.435191
0.451026
0.466862
0.469208
0.470968
0.480352
0.475073
0.468622
0.462757
0.461584
0.462170
0.478592
0.507918
0.540762
0.567155
0.575367
0.570675
0.541936
0.505572
0.474487
0.451026
0.432258
0.418768
0.407625
0.400587
0.394721
0.390029
0.391202
0.402346
0.408798
0.414076
0.428739
0.439296
0.433431
0.426393
0.413490
0.402346
0.388270
0.383578
0.377126
0.361290
0.358358
0.358358
0.366569
0.366569
0.380059
0.392962
0.407625
0.421114
0.425806
0.422287
0.417595
0.415249
0.415836
0.422874
0.421114
0.419941
0.425220
0.440469
0.442229
0.451026
0.458651
0.474487
0.465103
0.446334
0.435777
0.432258
0.426393
0.411144
0.407038
0.417595
0.432258
0.439883
0.455132
0.459238
0.425220
0.443402
0.598827
0.598827
0.598827
0.598827
0.256305
0.279179
0.408211
0.456892
0.456305
0.426393
0.416422
0.434018
0.465103
0.479765
0.500880
0.512610
0.504985
0.500880
0.507331
0.511437
0.516129
0.530792
0.554252
0.579472
0.598827
0.598827
0.598827
0.598827
0.580059
0.533138
0.490909
0.454545
0.435191
0.421114
0.406452
0.401760
0.402346
0.416422
0.430499
0.438710
0.438710
0.446334
0.473900
0.482698
0.467449
0.462757
0.458065
0.453372
0.445161
0.444575
0.447507
0.419355
0.410557
0.409384
0.407038
0.407038
0.421114
0.429326
0.436950
0.446921
0.455132
0.455132
0.453959
0.451026
0.442815
0.433431
0.428153
0.427566
0.432258
0.458651
0.475660
0.472141
0.473900
0.483284
0.481525
0.458651
0.435191
0.427566
0.435777
0.443402
0.440469
0.434018
0.441056
0.451613
0.460411
0.475073
0.481525
0.452786
0.459824
0.598827
0.598827
0.598827
0.480938
0.232845
0.326686
0.435777
0.446921
0.426393
0.394135
0.393548
0.411144
0.422874
0.433431
0.452786
0.463930
0.467449
0.467449
0.471554
0.479765
0.495601
0.527859
0.569501
0.598827
0.598827
0.598827
0.598827
0.589443
0.542522
0.496188
0.449853
0.409971
0.383578
0.373607
0.364809
0.358944
0.357185
0.367742
0.369501
0.374194
0.390616
0.395308
0.392375
0.401173
0.397067
0.392962
0.387097
0.377126
0.374194
0.379472
0.381232
0.368915
0.351906
0.341349
0.340762
0.342522
0.353666
0.365982
0.382405
0.390029
0.395894
0.392962
0.394135
0.394135
0.395308
0.390616
0.392375
0.398827
0.405865
0.415836
0.434018
0.446334
0.445161
0.453372
0.449853
0.464516
0.459238
0.442815
0.436950
0.439296
0.450440
0.436950
0.443988
0.452199
0.455132
0.449267
0.452199
0.442229
0.422874
0.415836
0.591789
0.598827
0.598827
0.568328
0.249853
0.282111
0.416422
0.452199
0.441056
0.414663
0.409971
0.421701
0.434604
0.442815
0.456892
0.470968
0.478592
0.478592
0.482111
0.475073
0.482111
0.498534
0.527273
0.562463
0.592375
0.598827
0.598827
0.576540
0.528446
0.485044
0.452786
0.432845
0.423460
0.417595
0.414076
0.414663
0.415249
0.418768
0.424633
0.439296
0.451613
0.450440
0.450440
0.459238
0.460997
0.455132
0.446334
0.429912
0.420528
0.416422
0.414663
0.406452
0.399413
0.402933
0.409971
0.419355
0.429912
0.445161
0.452786
0.470968
0.480938
0.483284
0.485631
0.479179
0.469208
0.463343
0.456305
0.455718
0.458065
0.464516
0.463930
0.476246
0.483284
0.465103
0.450440
0.444575
0.460411
0.455718
0.449267
0.459824
0.466276
0.481525
0.490909
0.484457
0.477419
0.438710
0.503812
0.598827
0.598827
0.598827
0.501466
0.265689
0.372434
0.468622
0.485631
0.463930
0.443402
0.449267
0.479765
0.497361
0.507331
0.526686
0.525513
0.513197
0.507918
0.513783
0.527859
0.543695
0.574194
0.598827
0.598827
0.598827
0.598827
0.598827
0.598827
0.585337
0.537243
0.502053
0.472727
0.449267
0.437537
0.423460
0.414076
0.412903
0.414663
0.425806
0.443402
0.449267
0.452786
0.456892
0.465689
0.455132
0.441056
0.418768
0.411730
0.404692
0.405865
0.413490
0.406452
0.409971
0.408211
0.419941
0.424633
0.421114
0.428153
0.432258
0.432258
0.434018
0.431085
0.422874
0.408798
0.399413
0.385337
0.381232
0.376540
0.381232
0.395308
0.414663
0.430499
0.443402
0.452199
0.466276
0.484457
0.465689
0.441642
0.426393
0.419355
0.410557
0.388270
0.377713
0.375367
0.370674
0.368328
0.371261
0.382405
0.382405
0.394721
0.598827
0.598827
0.598827
0.575953
0.264516
0.324927
0.439883
0.461584
0.442229
0.409971
0.404692
0.412903
0.429326
0.448680
0.460997
0.469208
0.459824
0.453959
0.455132
0.450440
0.465689
0.497361
0.532551
0.571848
0.597654
0.598827
0.598827
0.590029
0.549560
0.500880
0.460997
0.434604
0.421701
0.409384
0.402346
0.392962
0.386510
0.375953
0.363636
0.362463
0.367155
0.363636
0.354839
0.365396
0.371848
0.374194
0.380645
0.378886
0.387683
0.390616
0.394135
0.382405
0.360704
0.347214
0.344868
0.351906
0.361877
0.375953
0.398827
0.417009
0.425220
0.426393
0.422874
0.408211
0.394721
0.381232
0.368915
0.368915
0.369501
0.375367
0.384751
0.393548
0.400000
0.407625
0.416422
0.434604
0.443402
0.453959
0.454545
0.469208
0.465689
0.438123
0.412317
0.394721
0.399413
0.394721
0.394721
0.389443
0.402933
0.412903
0.428153
0.441056
0.452786
0.449267
0.454545
0.598827
0.598827
0.598827
0.598827
0.258651
0.284457
0.400587
0.428739
0.405865
0.396481
0.406452
0.431672
0.452199
0.470381
0.485044
0.493842
0.494428
0.486804
0.487390
0.476833
0.478592
0.485631
0.512610
0.551906
0.583578
0.598827
0.598827
0.598827
0.588270
0.564223
0.534897
0.514370
0.490909
0.470381
0.452199
0.434018
0.418768
0.412903
0.411144
0.424047
0.436950
0.445161
0.451026
0.470381
0.472727
0.468622
0.458065
0.449267
0.449853
0.452199
0.445748
0.440469
0.434604
0.433431
0.433431
0.430499
0.442229
0.453372
0.471554
0.486804
0.498534
0.512024
0.506158
0.493842
0.475660
0.460997
0.447507
0.441642
0.436364
0.439883
0.449267
0.463343
0.487977
0.500880
0.513197
0.526100
0.531378
0.532551
0.504399
0.484457
0.476833
0.479765
0.475660
0.466276
0.473900
0.480938
0.494428
0.501466
0.493255
0.486804
0.458651
0.470381
0.598827
0.598827
0.598827
0.598827
0.265689
0.325513
0.448094
0.477419
0.463343
0.449267
0.462170
0.495601
0.511437
0.522581
0.525513
0.516129
0.490909
0.470968
0.452786
0.448680
0.466862
0.499707
0.526100
0.563636
0.598827
0.598827
0.598827
0.592375
0.551906
0.516716
0.478592
0.450440
0.443402
0.438710
0.431672
0.434604
0.442229
0.441056
0.437537
0.446334
0.451026
0.446921
0.441642
0.443402
0.435191
0.416422
0.398827
0.374194
0.346041
0.338416
0.339589
0.333724
0.323167
0.329619
0.353079
0.378299
0.405865
0.426979
0.439296
0.451026
0.462170
0.465103
0.463343
0.453959
0.444575
0.425220
0.408798
0.398240
0.388856
0.385924
0.378886
0.376540
0.373021
0.368328
0.374194
0.387097
0.393548
0.404106
0.426393
0.443402
0.458065
0.476246
0.491496
0.472727
0.453372
0.449267
0.452199
0.449267
0.434018
0.429326
0.435777
0.435777
0.431672
0.429912
0.431672
0.416422
0.400000
0.584164
0.598827
0.598827
0.540762
0.246334
0.292669
0.420528
0.455132
0.431085
0.405279
0.404692
0.416422
0.419941
0.429912
0.432845
0.424047
0.425806
0.424047
0.415836
0.414663
0.435191
0.465689
0.499707
0.541936
0.564223
0.579472
0.573607
0.548974
0.514370
0.479765
0.452199
0.432845
0.412317
0.381818
0.354839
0.345455
0.343109
0.351906
0.369501
0.370674
0.371848
0.374780
0.367742
0.368328
0.375367
0.379472
0.382405
0.380059
0.391202
0.414076
0.435191
0.448680
0.456305
0.455718
0.455718
0.451613
0.449267
0.449267
0.449267
0.455718
0.462170
0.470381
0.466862
0.452786
0.435191
0.414076
0.407038
0.400587
0.401760
0.404692
0.423460
0.443402
0.460997
0.476246
0.489150
0.500293
0.503812
0.506745
0.516716
0.527859
0.514370
0.502053
0.499120
0.500880
0.486217
0.462757
0.455718
0.444575
0.448680
0.459824
0.470381
0.475660
0.465103
0.470968
0.598827
0.598827
0.598827
0.598827
0.336657
0.320235
0.452786
0.487977
0.472727
0.452786
0.458651
0.477419
0.493255
0.493842
0.498534
0.495015
0.470968
0.465689
0.478006
0.490909
0.512610
0.540176
0.572434
0.598827
0.598827
0.598827
0.598827
0.598827
0.598827
0.598827
0.598827
0.598827
0.590616
0.575367
0.568328
0.564223
0.557771
0.548974
0.539003
0.530205
0.513783
0.502053
0.489150
0.490909
0.468622
0.446334
0.432845
0.421114
0.421701
0.419941
0.414663
0.419941
0.405865
0.389443
0.388270
0.390616
0.380645
0.383578
0.390029
0.402933
0.416422
0.427566
0.429912
0.416422
0.412903
0.400000
0.387097
0.382405
0.376540
0.378886
0.385924
0.390029
0.388270
0.394721
0.402346
0.406452
0.404692
0.417009
0.422874
0.425806
0.421114
0.426979
0.405865
0.370088
0.356012
0.344868
0.331965
0.316129
0.295601
0.284457
0.292669
0.319648
0.341935
0.357771
0.381818
0.372434
0.494428
0.598827
0.598827
0.598827
0.348387
0.315543
0.466862
0.516129
0.493255
0.468035
0.474487
0.492669
0.502053
0.508504
0.497947
0.490323
0.461584
0.445161
0.441056
0.425220
0.428153
0.453959
0.490909
0.542522
0.592962
0.598827
0.598827
0.598827
0.564223
0.519648
0.472727
0.432258
0.409384
0.391202
0.375367
0.364223
0.351320
0.348387
0.350147
0.359531
0.362463
0.378886
0.381818
0.384751
0.404692
0.413490
0.412903
0.403519
0.396481
0.398827
0.385924
0.368915
0.339589
0.317889
0.308504
0.309091
0.317889
0.329619
0.343695
0.363050
0.389443
0.415249
0.434604
0.444575
0.451026
0.448094
0.436950
0.426393
0.423460
0.414076
0.414076
0.413490
0.409384
0.409384
0.414076
0.416422
0.415836
0.431672
0.439296
0.455718
0.468035
0.499707
0.500880
0.478592
0.463930
0.448680
0.441056
0.428153
0.421701
0.419941
0.426393
0.432845
0.448094
0.462757
0.475073
0.462170
0.577713
0.598827
0.598827
0.598827
0.363050
0.217009
0.363050
0.450440
0.460411
0.443402
0.442229
0.465689
0.504399
0.532551
0.546041
0.544282
0.530792
0.521408
0.526686
0.532551
0.537243
0.546041
0.568328
0.596481
0.598827
0.598827
0.598827
0.598827
0.598827
0.553079
0.504985
0.472141
0.448680
0.426393
0.411144
0.396481
0.388270
0.380645
0.373021
0.378886
0.392962
0.413490
0.425220
0.443988
0.470968
0.480352
0.478592
0.465689
0.449267
0.434018
0.424047
0.414076
0.406452
0.408798
0.419355
0.443402
0.468035
0.490323
0.512024
0.533724
0.547214
0.549560
0.557185
0.549560
0.539589
0.527859
0.511437
0.493842
0.470968
0.449853
0.443402
0.443402
0.445161
0.443988
0.448680
0.452786
0.441642
0.416422
0.418182
0.453959
0.468622
0.455132
0.448094
0.442229
0.436364
0.435191
0.443402
0.446921
0.424633
0.431085
0.598827
0.598827
0.598827
0.485631
0.202933
0.297947
0.428739
0.459238
0.445161
0.438123
0.441642
0.460411
0.476246
0.483284
0.491496
0.490323
0.483284
0.462757
0.453959
0.442229
0.453959
0.489150
0.521994
0.560117
0.585337
0.598827
0.598827
0.580645
0.543695
0.511437
0.485631
0.465103
0.442229
0.424047
0.412903
0.404692
0.402346
0.401173
0.402346
0.400587
0.407038
0.415836
0.401173
0.377126
0.340762
0.304399
0.269795
0.225806
0.200000
0.185337
0.203519
0.219355
0.216422
0.225806
0.244575
0.283871
0.336657
0.390029
0.425220
0.456892
0.485044
0.500880
0.519648
0.522581
0.512024
0.486217
0.459238
0.430499
0.399413
0.363636
0.331965
0.322581
0.320821
0.330792
0.333724
0.323167
0.315543
0.306158
0.275660
0.234604
0.225220
0.256305
0.276833
0.309677
0.354252
0.405279
0.442815
0.461584
0.493842
0.505572
0.505572
0.598827
0.598827
0.598827
0.598827
0.598827
0.323754
0.334311
0.412317
0.420528
0.364809
0.327273
0.326686
0.368328
0.426979
0.463343
0.458065
0.425806
0.368915
0.323167
0.315543
0.327273
0.382405
0.463343
0.536070
0.591789
0.598827
0.598827
0.598827
0.598827
0.598827
0.578299
0.531965
0.495601
0.467449
0.440469
0.418182
0.402933
0.390616
0.392375
0.399413
0.425806
0.458651
0.432258
0.456305
0.513197
0.508504
0.517889
0.499120
0.469795
0.450440
0.432258
0.419355
0.397067
0.381818
0.388270
0.398827
0.412317
0.438123
0.469795
0.488563
0.495015
0.496774
0.495601
0.497361
0.493842
0.495015
0.482698
0.496188
0.507331
0.497947
0.505572
0.510850
0.530205
0.530205
0.512024
0.507331
0.511437
0.512024
0.512024
0.514956
0.513197
0.472727
0.552493
0.598827
0.598827
0.598827
0.539003
0.232258
0.324340
0.428153
0.445748
0.422287
0.408798
0.425220
0.462757
0.493842
0.520821
0.524927
0.514370
0.496774
0.484457
0.485631
0.492082
0.503812
0.514956
0.541349
0.577126
0.597067
0.598827
0.598827
0.590029
0.556012
0.506158
0.469795
0.440469
0.415249
0.396481
0.380645
0.360117
0.353666
0.360704
0.360117
0.380059
0.398240
0.400587
0.424633
0.466862
0.490909
0.477419
0.457478
0.429326
0.415249
0.399413
0.387097
0.388270
0.394721
0.413490
0.438123
0.452199
0.445161
0.447507
0.502053
0.482698
0.473900
0.419355
0.378886
0.334311
0.309091
0.303812
0.309677
0.334897
0.375953
0.419355
0.476246
0.529032
0.556012
0.563050
0.558944
0.560117
0.560117
0.573021
0.589443
0.598827
0.595894
0.582991
0.551320
0.475660
0.381818
0.537830
0.598827
0.598827
0.598827
0.234604
0.172434
0.320235
0.360704
0.317302
0.283871
0.305572
0.361290
0.401760
0.431672
0.436950
0.397067
0.345455
0.307918
0.288563
0.280938
0.286217
0.313783
0.346628
0.388270
0.439296
0.480352
0.521994
0.544282
0.537830
0.500293
0.480352
0.470381
0.466276
0.482111
0.510850
0.521994
0.541349
0.565396
0.573021
0.564223
0.570675
0.597654
0.598827
0.598827
0.598827
0.598827
0.598240
0.598827
0.598827
0.598827
0.598827
0.598827
0.598827
0.598827
0.598827
0.598827
0.598827
0.598827
0.598827
0.598827
0.598827
0.598827
0.598827
0.598827
0.598827
0.598827
0.598827
0.598827
0.598827
0.598827
0.598827
0.598827
0.598827
0.598827
0.598827
0.598827
0.598827
0.598827
0.598827
0.598827
0.598827
0.598827
0.598827
0.371261
0.284457
0.193548
0.110850
0.045748
0.000587
0.000587
0.000587
0.000587
0.000587
0.000587
0.000587
0.000587
0.000587
0.000587
0.000587
0.000587
0.000587
0.000587
0.000587
0.000587
0.000587
0.000587
0.000587
0.000587
0.000587
0.000587
0.000587
0.000587
0.000587
0.000587
0.000587
0.000587
0.000587
0.000587
0.000587
0.000587
0.000587
0.000587
0.000587
0.000587
0.000587
0.000587
0.000587
0.000587
0.000587
0.000587
0.000587
0.000587
0.000587
0.000587
0.000587
0.000587
0.000587
0.000587
0.000587
0.000587
0.000587
0.000587
0.000587
0.000587
0.000587
0.000587
0.000587
0.000587
0.061584
0.126686
0.129032
0.114370
0.102639
0.097947
0.104985
0.123167
0.148387
0.177126
0.219941
0.260411
0.305572
0.337243
0.334311
0.323167
0.300880
0.297947
0.312610
0.320821
0.327859
0.324340
0.317302
0.323754
0.361290
0.414076
0.466276
0.514370
0.548387
0.568328
0.577126
0.559531
0.545455
0.534897
0.529032
0.508504
0.469208
0.445748
0.459824
0.488563
0.563636
0.598827
0.598827
0.598827
0.598827
0.598827
0.598827
0.598827
0.598827
0.598827
0.598827
0.598827
0.598827
0.598827
0.598827
0.598827
0.584164
0.554252
0.598827
0.598827
0.598827
0.598827
0.531378
0.461584
0.598240
0.598827
0.598827
0.598827
0.598827
0.598827
0.598827
0.598827
0.598827
0.598827
0.598827
0.598827
0.598827
0.598827
0.598827
0.598827
0.598827
0.598827
0.598827
0.598827
0.598827
0.598827
0.598827
0.598827
0.598827
0.598827
0.598827
0.598827
0.598827
0.598827
0.598827
0.598827
0.598827
0.598827
0.598827
0.598827
0.598827
0.598827
0.598827
0.598827
0.598827
0.575367
0.532551
0.512024
0.504399
0.498534
0.503226
0.504399
0.523754
0.547801
0.571261
0.598827
0.598827
0.598827
0.598827
0.598827
0.598827
0.598827
0.598827
0.598827
0.598827
0.598827
0.598827
0.598827
0.598827
0.598827
0.598827
0.590029
0.544282
0.502053
0.479179
0.472141
0.472727
0.475073
0.449267
0.402933
0.339589
0.271554
0.200000
0.121994
0.075073
0.018182
0.000587
0.000587
0.000587
0.000587
0.000587
0.000587
0.000587
0.000587
0.000587
0.000587
0.095015
0.145455
0.147801
0.141935
0.143109
0.136657
0.128446
0.197654
0.546628
0.598827
0.598827
0.339003
0.202346
0.316716
0.455718
0.524340
0.566569
0.598240
0.598827
0.598827
0.598827
0.598827
0.598827
0.598827
0.598827
0.598827
0.598827
0.598827
0.598827
0.598827
0.598827
0.598827
0.598827
0.598827
0.598827
0.598827
0.598827
0.576540
0.482698
0.402933
0.337830
0.293842
0.279179
0.273900
0.287390
0.320235
0.358944
0.401760
0.435191
0.456305
0.500293
0.521408
0.516129
0.477419
0.439883
0.424047
0.414076
0.400587
0.387097
0.367742
0.374194
0.394135
0.435191
0.471554
0.514956
0.550733
0.588270
0.598827
0.598827
0.573607
0.539589
0.504985
0.496774
0.488563
0.489150
0.492669
0.500293
0.508504
0.529032
0.530205
0.508504
0.465103
0.432845
0.435777
0.445161
0.449853
0.455132
0.477419
0.477419
0.455718
0.438710
0.437537
0.449267
0.449267
0.462170
0.473900
0.465689
0.439883
0.408211
0.371261
0.321408
0.253959
0.425806
0.598827
0.598827
0.572434
0.031085
0.063343
0.209971
0.265103
0.267449
0.252786
0.266862
0.303226
0.342522
0.377713
0.423460
0.449853
0.473900
0.507331
0.531965
0.550733
0.565396
0.595308
0.598827
0.598827
0.598827
0.598827
0.598827
0.598827
0.590616
0.500293
0.426393
0.375953
0.353079
0.351320
0.373021
0.400000
0.424633
0.439296
0.435191
0.421701
0.409384
0.395894
0.378299
0.379472
0.381232
0.375367
0.374194
0.373021
0.359531
0.343695
0.326100
0.317889
0.318475
0.326100
0.337243
0.344868
0.351906
0.363050
0.370088
0.377126
0.382405
0.388856
0.393548
0.397067
0.409384
0.414663
0.421701
0.435191
0.449853
0.459238
0.458065
0.450440
0.449267
0.448094
0.456892
0.475073
0.495601
0.514956
0.523167
0.529619
0.536070
0.550733
0.565396
0.575953
0.568328
0.567155
0.548387
0.516716
0.482698
0.451026
0.428739
0.405279
0.398827
0.403519
0.414663
0.426979
0.435777
0.442229
0.411144
0.376540
0.579472
0.598827
0.598827
0.598827
0.253959
0.314956
0.471554
0.507918
0.500880
0.485044
0.482111
0.501466
0.517302
0.548974
0.582405
0.579472
0.574780
0.567155
0.553079
0.533138
0.523167
0.526100
0.516129
0.505572
0.504985
0.499707
0.489736
0.474487
0.445161
0.401760
0.373607
0.364223
0.362463
0.354839
0.352493
0.343109
0.343695
0.340176
0.346628
0.381232
0.414076
0.433431
0.453959
0.476246
0.480938
0.489150
0.490909
0.477419
0.467449
0.462170
0.451026
0.445161
0.426393
0.408798
0.400587
0.397654
0.407625
0.426393
0.449853
0.462757
0.469795
0.469208
0.454545
0.434018
0.415836
0.398240
0.387097
0.376540
0.370674
0.367155
0.378299
0.385924
0.399413
0.414076
0.426979
0.438710
0.460411
0.475073
0.503812
0.538416
0.581232
0.598827
0.598827
0.598827
0.598827
0.598827
0.598827
0.598827
0.598827
0.598827
0.598827
0.598827
0.598827
0.598827
0.595308
0.543109
0.478006
0.598240
0.598827
0.598827
0.598827
0.182405
0.182991
0.343695
0.435191
0.469795
0.481525
0.474487
0.480938
0.479765
0.478592
0.482698
0.483284
0.480352
0.476833
0.478006
0.482111
0.490909
0.512024
0.546628
0.582405
0.598827
0.598827
0.598827
0.598827
0.594721
0.550733
0.506158
0.462757
0.432845
0.408211
0.367742
0.339589
0.325513
0.305572
0.299120
0.319062
0.337243
0.340176
0.337830
0.326686
0.306745
0.300880
0.304985
0.312610
0.299707
0.271554
0.242229
0.231085
0.209384
0.185924
0.166569
0.181232
0.189443
0.207625
0.253372
0.290323
0.323167
0.358944
0.382991
0.407038
0.405865
0.410557
0.431672
0.451613
0.485631
0.511437
0.537243
0.553079
0.569501
0.598827
0.598827
0.598827
0.598827
0.598827
0.598827
0.598827
0.598827
0.581232
0.511437
0.435777
0.325513
0.217009
0.150147
0.140176
0.173607
0.238710
0.305572
0.338416
0.346041
0.531965
0.598827
0.598827
0.598827
0.453959
0.195308
0.268622
0.269208
0.218182
0.159531
0.104399
0.080352
0.100293
0.129032
0.179472
0.247507
0.320235
0.369501
0.402346
0.418182
0.432845
0.452786
0.459824
0.449853
0.417009
0.404692
0.392962
0.385337
0.361290
0.348974
0.333138
0.293842
0.292669
0.296774
0.338416
0.404692
0.452199
0.475073
0.494428
0.534897
0.591202
0.598827
0.598827
0.598827
0.598827
0.591789
0.509677
0.459238
0.452199
0.463343
0.482698
0.483284
0.463343
0.443988
0.422874
0.435191
0.466276
0.479765
0.493255
0.465689
0.408211
0.367742
0.353079
0.370088
0.400000
0.447507
0.500293
0.541349
0.568915
0.598240
0.597067
0.574780
0.556598
0.548974
0.515543
0.470968
0.429912
0.393548
0.361290
0.352493
0.350147
0.348387
0.296188
0.234604
0.202346
0.215836
0.206452
0.334311
0.598827
0.598827
0.476246
0.114370
0.106745
0.279765
0.356598
0.390029
0.380059
0.350733
0.364223
0.411144
0.457478
0.518475
0.569501
0.598827
0.598827
0.598827
0.598827
0.598827
0.598827
0.598827
0.598827
0.598827
0.598827
0.598827
0.598827
0.598827
0.570088
0.537243
0.529619
0.531378
0.533724
0.541936
0.552493
0.566569
0.573607
0.585924
0.590029
0.588270
0.575367
0.561290
0.544868
0.510264
0.472141
0.439883
0.414076
0.405279
0.392375
0.388270
0.396481
0.397067
0.385337
0.368328
0.354252
0.356598
0.366569
0.382991
0.399413
0.405279
0.407038
0.398240
0.387097
0.373021
0.358358
0.361290
0.378886
0.412317
0.432845
0.462170
0.504985
0.499120
0.501466
0.510264
0.522581
0.521994
0.507331
0.491496
0.484457
0.483871
0.482698
0.484457
0.484457
0.435777
0.523754
0.598827
0.598827
0.598827
0.348974
0.326686
0.566569
0.598827
0.598827
0.598827
0.598827
0.598827
0.598827
0.593548
0.591789
0.598240
0.598827
0.598827
0.598827
0.598827
0.598827
0.598827
0.598827
0.598827
0.598827
0.588270
0.590029
0.578299
0.551320
0.512024
0.458065
0.439296
0.446921
0.480938
0.509677
0.507331
0.495015
0.493842
0.498534
0.480938
0.462757
0.457478
0.466862
0.469795
0.461584
0.460411
0.460411
0.465103
0.475073
0.478006
0.485631
0.499707
0.519062
0.507331
0.458651
0.381818
0.304985
0.252786
0.203519
0.154252
0.131965
0.090323
0.079179
0.104399
0.147801
0.199413
0.241056
0.253959
0.243988
0.224633
0.193548
0.135484
0.038123
0.000587
0.000587
0.000587
0.000587
0.000587
0.000587
0.000587
0.000587
0.000587
0.000587
0.059238
0.598827
0.598827
0.598827
0.598827
0.598827
0.598827
0.598827
0.420528
0.395308
0.437537
0.495015
0.552493
0.598827
0.598827
0.598827
0.598827
0.598827
0.598827
0.598827
0.598827
0.598827
0.598827
0.598827
0.598827
0.598827
0.598827
0.598827
0.598827
0.598827
0.598827
0.598827
0.598827
0.598827
0.598827
0.598827
0.598827
0.598827
0.400000
0.103812
0.262170
0.365982
0.407038
0.429912
0.194721
0.016422
0.170674
0.325513
0.445161
0.514956
0.373021
0.117302
0.000587
0.000587
0.126686
0.598827
0.598827
0.598827
0.598827
0.598827
0.598827
0.598827
0.598827
0.455718
0.460997
0.550147
0.598827
0.598240
0.525513
0.355425
0.171261
0.017009
0.000587
0.000587
0.000587
0.000587
0.000587
0.000587
0.364223
0.598827
0.598827
0.598827
0.598827
0.598827
0.598827
0.598827
0.598827
0.598827
0.598827
0.598827
0.598827
0.598827
0.598827
0.598827
0.598827
0.368915
0.180645
0.046921
0.000587