0.598827
0.598827
0.598827
0.598827
0.598827
0.598827
0.598827
0.598827
0.598827
0.598827
0.598827
0.598827
0.598827
0.598827
0.598827
0.598827
0.598827
0.598827
0.598827
0.598827
0.598827
0.598827
0.598827
0.598827
0.598827
0.598827
0.598827
0.598827
0.598827
0.598827
0.598827
0.598827
0.598827
0.598827
0.598827
0.598827
0.598827
0.591789
0.528446
0.334311
0.226979
0.115543
0.069795
0.034018
0.002933
0.001173
0.000587
0.000587
0.000587
0.000587
0.000587
0.000587
0.000587
0.000587
0.000587
0.000587
0.000587
0.000587
0.000587
0.002346
0.000587
0.011730
0.000587
0.021701
0.000587
0.031672
0.017009
0.032845
0.042815
0.035777
0.065689
0.045161
0.077419
0.053959
0.086217
0.078006
0.086217
0.105572
0.083871
0.116129
0.086217
0.115543
0.097947
0.115543
0.116716
0.108504
0.125513
0.102053
0.140762
0.124927
0.157771
0.164223
0.184751
0.201760
0.191202
0.243988
0.226393
0.247507
0.221701
0.247507
0.251026
0.245161
0.260411
0.244575
0.295015
0.276246
0.314369
0.294428
0.218182
0.221701
0.598827
0.598827
0.598827
0.598827
0.148387
0.232845
0.331965
0.347214
0.357185
0.340176
0.375953
0.349560
0.392375
0.366569
0.392962
0.392375
0.395308
0.427566
0.411730
0.460997
0.454545
0.518475
0.537243
0.578299
0.598827
0.598827
0.598827
0.583578
0.537243
0.431085
0.389443
0.340176
0.308504
0.309677
0.282111
0.306158
0.279179
0.303226
0.289736
0.310264
0.315543
0.313196
0.339589
0.316129
0.353079
0.330205
0.361877
0.352493
0.361877
0.380645
0.361290
0.390616
0.357185
0.401760
0.375367
0.398827
0.399413
0.396481
0.410557
0.374780
0.411730
0.374194
0.404692
0.390029
0.407038
0.407038
0.390616
0.417595
0.380645
0.421114
0.390616
0.411144
0.407038
0.406452
0.426393
0.405865
0.442229
0.411730
0.448094
0.420528
0.435777
0.439883
0.429912
0.456892
0.431672
0.469208
0.435777
0.465103
0.455132
0.465103
0.469208
0.474487
0.506158
0.455132
0.474487
0.434604
0.454545
0.430499
0.408798
0.425806
0.398827
0.424047
0.395308
0.422287
0.333724
0.285631
0.595308
0.598827
0.598827
0.598827
0.241056
0.177126
0.333138
0.347801
0.346041
0.362463
0.351320
0.382991
0.360704
0.409384
0.384164
0.414076
0.422874
0.429912
0.470381
0.460997
0.519648
0.523754
0.582991
0.598827
0.598827
0.598827
0.598827
0.598827
0.572434
0.540176
0.448680
0.417595
0.377713
0.354839
0.363050
0.328446
0.360117
0.329619
0.365396
0.346628
0.363050
0.367742
0.362463
0.391202
0.365396
0.398240
0.368328
0.398827
0.385924
0.390616
0.404692
0.377713
0.405865
0.374780
0.408211
0.384164
0.403519
0.404692
0.398827
0.418768
0.388270
0.426393
0.392375
0.418768
0.402933
0.405865
0.408798
0.398240
0.427566
0.394135
0.424633
0.395308
0.415249
0.406452
0.398827
0.413490
0.385924
0.417009
0.389443
0.417595
0.397067
0.409384
0.408211
0.394721
0.418768
0.390029
0.421114
0.392962
0.415836
0.406452
0.421114
0.435191
0.407038
0.453372
0.438710
0.452199
0.407625
0.414663
0.412903
0.392375
0.394135
0.368915
0.391789
0.359531
0.385337
0.365396
0.314369
0.252786
0.495601
0.598827
0.598827
0.598827
0.181818
0.183578
0.305572
0.333724
0.343109
0.322581
0.356598
0.331965
0.368328
0.349560
0.368915
0.380059
0.368915
0.402933
0.383578
0.430499
0.417009
0.466276
0.482698
0.511437
0.544868
0.548387
0.584164
0.539589
0.527859
0.437537
0.394721
0.340762
0.304985
0.311437
0.276246
0.312610
0.279179
0.314956
0.300880
0.310850
0.317889
0.307331
0.337243
0.312610
0.340176
0.324340
0.349560
0.339589
0.337830
0.357185
0.331378
0.361290
0.321408
0.364223
0.337830
0.357771
0.363050
0.357771
0.389443
0.363636
0.398827
0.374194
0.402933
0.394721
0.405279
0.414076
0.391202
0.423460
0.388856
0.426979
0.396481
0.422874
0.415249
0.417009
0.438123
0.414076
0.456305
0.423460
0.465103
0.446334
0.465103
0.469795
0.464516
0.499120
0.465103
0.509677
0.485631
0.527273
0.512610
0.533724
0.575367
0.537830
0.559531
0.516716
0.554252
0.521408
0.531378
0.533138
0.523754
0.546628
0.517302
0.556598
0.456892
0.438710
0.598827
0.598827
0.598827
0.598827
0.475073
0.340762
0.517889
0.517302
0.540762
0.529032
0.530792
0.550147
0.527273
0.574780
0.537243
0.578886
0.551320
0.582991
0.583578
0.582991
0.598827
0.598827
0.598827
0.598827
0.598827
0.598827
0.598827
0.598827
0.598827
0.598827
0.497361
0.491496
0.428739
0.436364
0.r0.425806
0.215836
0.326686
0.432845
0.398240
0.445748
0.413490
0.458651
0.446921
0.463930
0.479765
0.463930
0.513783
0.479179
0.537243
0.516716
0.567742
0.582405
0.598240
0.598827
0.598827
0.598827
0.598827
0.598827
0.598827
0.598827
0.586510
0.521408
0.526100
0.474487
0.524340
0.493255
0.545455
0.550733
0.566569
0.598240
0.568328
0.598827
0.573021
0.598827
0.592962
0.598827
0.598827
0.598827
0.598827
0.598827
0.598827
0.598827
0.598827
0.598827
0.598827
0.598827
0.598827
0.598827
0.598827
0.598827
0.598827
0.598827
0.598827
0.598827
0.598827
0.598827
0.598827
0.598827
0.598827
0.598827
0.598827
0.598827
0.598827
0.598827
0.598827
0.598827
0.598827
0.598827
0.598827
0.598827
0.598827
0.598827
0.598827
0.598827
0.598827
0.598827
0.598827
0.598827
0.598827
0.598827
0.598827
0.598827
0.598827
0.598827
0.598827
0.598827
0.573021
0.589443
0.598827
0.598827
0.598827
0.598827
0.501466
0.459824
0.550733
0.597067
0.553079
0.595308
0.550147
0.595894
0.563050
0.581232
0.582991
0.568328
0.598827
0.571261
0.598827
0.587683
0.598827
0.598827
0.598827
0.598827
0.598827
0.598827
0.598827
0.598827
0.591789
0.543695
0.473314
0.424047
0.418182
0.358358
0.390616
0.336070
0.363636
0.330205
0.333724
0.336070
0.307331
0.340762
0.296188
0.336657
0.285044
0.317302
0.299707
0.297361
0.315543
0.278006
0.313196
0.262170
0.306745
0.268035
0.286217
0.283871
0.261584
0.289736
0.248094
0.292669
0.246334
0.279765
0.260411
0.261584
0.273900
0.243988
0.283284
0.239296
0.286804
0.242229
0.270381
0.261584
0.253959
0.275660
0.240469
0.299120
0.253372
0.299120
0.287390
0.313783
0.304985
0.270968
0.297947
0.250440
0.292669
0.231672
0.263930
0.243402
0.240469
0.260997
0.224633
0.235191
0.108504
0.327859
0.598827
0.598827
0.597067
0.068622
0.036950
0.118475
0.232258
0.189443
0.225806
0.205279
0.214663
0.231672
0.208211
0.252199
0.203519
0.254545
0.225220
0.269795
0.276833
0.287390
0.339003
0.332551
0.418182
0.401173
0.473314
0.460411
0.466862
0.425220
0.341349
0.315543
0.224633
0.246334
0.187683
0.217595
0.197067
0.199413
0.222287
0.195894
0.247507
0.205279
0.256892
0.226393
0.253372
0.255132
0.247507
0.285631
0.249853
0.301466
0.257478
0.306158
0.285044
0.290909
0.313196
0.286217
0.333138
0.290323
0.338416
0.302053
0.340762
0.324340
0.312610
0.340176
0.305572
0.359531
0.312023
0.357185
0.325513
0.341349
0.351320
0.339003
0.377713
0.330205
0.395308
0.350733
0.384751
0.370674
0.374780
0.412903
0.391789
0.440469
0.405865
0.472141
0.431085
0.434018
0.426393
0.421701
0.456305
0.398827
0.448094
0.412317
0.455718
0.435191
0.455718
0.465689
0.355425
0.451613
0.598827
0.598827
0.598827
0.598827
0.284457
0.394721
0.514956
0.487390
0.539589
0.497361
0.547801
0.530205
0.561290
0.573607
0.562463
0.598827
0.585924
0.598827
0.598827
0.598827
0.598827
0.598827
0.598827
0.598827
0.598827
0.598827
0.598827
0.598827
0.598827
0.598827
0.598827
0.598827
0.598827
0.598827
0.598827
0.598827
0.598827
0.598827
0.598827
0.598827
0.598827
0.598827
0.598827
0.598827
0.598827
0.598827
0.598827
0.598827
0.598827
0.598827
0.598827
0.598827
0.598827
0.598827
0.598827
0.598827
0.598827
0.535484
0.509091
0.436364
0.453372
0.412317
0.409971
0.424633
0.386510
0.429912
0.379472
0.426393
0.387097
0.407625
0.407625
0.395308
0.433431
0.398827
0.461584
0.411144
0.470381
0.455132
0.446921
0.448094
0.418182
0.460997
0.397067
0.438710
0.394135
0.432845
0.419941
0.414663
0.442229
0.359531
0.369501
0.568328
0.598827
0.598827
0.598827
0.332551
0.221701
0.398240
0.404106
0.462757
0.419941
0.460997
0.442229
0.453372
0.479765
0.451026
0.502639
0.459824
0.516129
0.486217
0.523167
0.536657
0.547214
0.598827
0.587683
0.598827
0.598827
0.598827
0.598827
0.563050
0.496774
0.409384
0.401760
0.316716
0.343109
0.285631
0.307918
0.283871
0.272727
0.287390
0.246921
0.296188
0.242815
0.287977
0.250440
0.259824
0.247507
0.233431
0.266862
0.218182
0.265103
0.212317
0.246334
0.219355
0.213490
0.228152
0.195308
0.234604
0.178886
0.228152
0.182405
0.207625
0.193548
0.183578
0.206452
0.156012
0.185337
0.123167
0.163636
0.108504
0.097947
0.106158
0.097361
0.141349
0.097361
0.164809
0.145455
0.182405
0.157185
0.148387
0.171848
0.141349
0.184751
0.139003
0.192962
0.173021
0.196481
0.190029
0.166569
0.136657
0.177713
0.598827
0.598827
0.598827
0.188270
0.052786
0.211144
0.262757
0.314369
0.271554
0.331378
0.301466
0.343109
0.345455
0.348387
0.384164
0.354252
0.408798
0.375953
0.437537
0.429326
0.475073
0.520821
0.541349
0.598827
0.598827
0.598827
0.598827
0.598827
0.577713
0.514956
0.479765
0.414663
0.439296
0.374780
0.409971
0.366569
0.377126
0.367155
0.343109
0.365982
0.317302
0.361877
0.305572
0.337243
0.304399
0.302053
0.303812
0.265103
0.296188
0.232845
0.266862
0.206452
0.228739
0.214663
0.201760
0.236950
0.191789
0.243402
0.195894
0.246921
0.214076
0.226979
0.231672
0.216422
0.258651
0.213490
0.270381
0.232258
0.282111
0.268035
0.279179
0.304399
0.282698
0.342522
0.307918
0.371261
0.345455
0.396481
0.413490
0.395308
0.425220
0.387097
0.449267
0.404106
0.443402
0.424633
0.440469
0.458065
0.433431
0.484457
0.436364
0.421701
0.487390
0.598827
0.598827
0.598827
0.513783
0.284457
0.463343
0.478006
0.536657
0.509677
0.532551
0.545455
0.539589
0.592962
0.558944
0.598827
0.598240
0.598827
0.598827
0.598827
0.598827
0.598827
0.598827
0.598827
0.598827
0.598827
0.598827
0.598827
0.598827
0.598827
0.598827
0.598827
0.598827
0.598827
0.598827
0.598827
0.598827
0.598827
0.598827
0.598827
0.598827
0.598827
0.598827
0.598827
0.598827
0.598827
0.598827
0.598827
0.598827
0.598827
0.598827
0.598827
0.598827
0.598827
0.598827
0.598827
0.598827
0.598827
0.598827
0.598827
0.598827
0.598827
0.598827
0.598827
0.598827
0.598827
0.598827
0.598827
0.598827
0.598827
0.598827
0.598827
0.598827
0.598827
0.598827
0.598827
0.598827
0.598827
0.598827
0.598827
0.598827
0.598827
0.598827
0.598827
0.598827
0.598827
0.570675
0.528446
0.598827
0.598827
0.598827
0.598827
0.511437
0.407625
0.505572
0.590029
0.529032
0.590616
0.543695
0.588856
0.568915
0.574194
0.598240
0.567155
0.598827
0.574780
0.598827
0.598240
0.598827
0.598827
0.598827
0.598827
0.598827
0.598827
0.598827
0.598827
0.593548
0.540762
0.499707
0.435191
0.452199
0.381232
0.431085
0.370674
0.404106
0.385924
0.378299
0.409384
0.359531
0.409384
0.354839
0.400587
0.358358
0.377713
0.372434
0.339003
0.375367
0.307331
0.358358
0.296774
0.334897
0.301466
0.286217
0.296188
0.246921
0.288563
0.218768
0.263343
0.201760
0.219941
0.208798
0.205279
0.246334
0.200000
0.268035
0.225220
0.267449
0.222287
0.234018
0.237537
0.204692
0.236364
0.184751
0.250440
0.198827
0.237537
0.228152
0.200000
0.154252
0.293255
0.598827
0.598827
0.598827
0.092669
0.076833
0.199413
0.240469
0.282698
0.239883
0.302639
0.262170
0.320235
0.309677
0.331378
0.364809
0.348387
0.408211
0.370674
0.445161
0.428739
0.490909
0.513783
0.547214
0.598827
0.584751
0.598827
0.554252
0.528446
0.415836
0.361877
0.316129
0.255718
0.279179
0.219941
0.254545
0.204692
0.228739
0.204692
0.196481
0.214663
0.171848
0.214663
0.155425
0.190616
0.152493
0.168328
0.165396
0.149560
0.182405
0.141935
0.197067
0.148974
0.199413
0.185924
0.198827
0.222287
0.201760
0.250440
0.208211
0.265103
0.231672
0.261584
0.252786
0.244575
0.279179
0.242815
0.291496
0.254545
0.315543
0.296774
0.319648
0.333138
0.335484
0.381232
0.324340
0.373607
0.327273
0.361290
0.326686
0.320235
0.347214
0.316716
0.365396
0.315543
0.357771
0.290323
0.244575
0.465103
0.598827
0.598827
0.598827
0.209384
0.140762
0.304399
0.327859
0.331965
0.343109
0.329619
0.382991
0.347214
0.404106
0.362463
0.394135
0.388270
0.392375
0.432845
0.412903
0.483284
0.459238
0.536657
0.542522
0.586510
0.598827
0.598240
0.598827
0.506158
0.479765
0.369501
0.356598
0.313783
0.302639
0.317302
0.280352
0.330792
0.282111
0.333138
0.303226
0.333724
0.333724
0.330792
0.372434
0.333138
0.385924
0.342522
0.387097
0.366569
0.378886
0.390029
0.365396
0.410557
0.366569
0.425220
0.387097
0.425220
0.421701
0.416422
0.446334
0.410557
0.461584
0.411730
0.456892
0.428739
0.447507
0.449267
0.431085
0.466276
0.417595
0.466276
0.421114
0.458651
0.445748
0.453372
0.473900
0.448680
0.504985
0.446921
0.475660
0.426393
0.456305
0.439883
0.412903
0.437537
0.397067
0.443988
0.390616
0.437537
0.406452
0.380059
0.343695
0.523754
0.598827
0.598827
0.598827
0.263343
0.249853
0.363050
0.402346
0.426979
0.391789
0.448094
0.402346
0.453372
0.428153
0.449267
0.446921
0.432258
0.475073
0.436364
0.502053
0.478006
0.542522
0.552493
0.583578
0.598827
0.598827
0.598827
0.598827
0.591789
0.481525
0.448094
0.401173
0.358944
0.377126
0.329619
0.379472
0.330205
0.377713
0.350733
0.364809
0.373607
0.353666
0.403519
0.361290
0.416422
0.375953
0.417595
0.405865
0.404106
0.432845
0.407625
0.463930
0.429326
0.486217
0.458065
0.491496
0.501466
0.489736
0.531378
0.496774
0.555425
0.520235
0.569501
0.554839
0.571848
0.598827
0.598827
0.598827
0.598827
0.598827
0.598827
0.598827
0.598827
0.598827
0.598827
0.598827
0.598827
0.598827
0.598827
0.598827
0.598827
0.598827
0.598827
0.598827
0.598827
0.598827
0.598827
0.598827
0.598827
0.598827
0.598827
0.598827
0.598827
0.598827
0.598827
0.569501
0.598827
0.598827
0.598827
0.598827
0.598827
0.549560
0.488563
0.598827
0.598827
0.598827
0.598827
0.598827
0.598827
0.598240
0.598827
0.598827
0.598827
0.598827
0.598827
0.598827
0.598827
0.598827
0.598827
0.598827
0.598827
0.598827
0.598827
0.598827
0.598827
0.598827
0.598827
0.504399
0.500880
0.456305
0.445748
0.452786
0.416422
0.458651
0.407625
0.456305
0.412317
0.430499
0.431085
0.403519
0.431085
0.388270
0.448094
0.397654
0.439883
0.417595
0.425220
0.441642
0.411730
0.451026
0.395308
0.449853
0.408211
0.439883
0.429326
0.418768
0.451026
0.407625
0.452786
0.400000
0.440469
0.408211
0.421701
0.419941
0.397654
0.439296
0.397067
0.448680
0.405279
0.449267
0.441056
0.429326
0.429326
0.380059
0.429912
0.365982
0.395308
0.334897
0.349560
0.341349
0.318475
0.347801
0.299120
0.274487
0.220528
0.598827
0.598827
0.598827
0.449267
0.066862
0.180645
0.242815
0.319648
0.270381
0.311437
0.309091
0.309091
0.339003
0.317302
0.376540
0.342522
0.398240
0.380645
0.423460
0.442815
0.448094
0.514370
0.505572
0.598240
0.583578
0.598827
0.598827
0.567155
0.508504
0.391202
0.367155
0.272141
0.287977
0.224633
0.234604
0.221114
0.194135
0.215249
0.161877
0.201760
0.142522
0.177713
0.136070
0.147214
0.148387
0.116716
0.145455
0.080938
0.131965
0.090909
0.118475
0.097947
0.063930
0.094428
0.056305
0.078006
0.033431
0.078006
0.035191
0.035777
0.004106
0.000587
0.123167
0.133138
0.178886
0.251613
0.370674
0.447507
0.598827
0.598827
0.598827
0.598827
0.598827
0.598827
0.598827
0.598827
0.598827
0.598827
0.598827
0.598827
0.598827
0.598827
0.598827
0.598827
0.598827
0.598827
0.598827
0.598827
0.598827
0.598827
0.490909
0.506158
0.598827
0.598827
0.251026
0.000587
0.000587
0.000587
0.000587
0.000587
0.000587
0.000587
0.000587
0.000587
0.000587
0.000587
0.000587
0.000587
0.061584
0.598827
0.598827
0.598827
0.598827
0.598827
0.598827
0.598827
0.486217
0.443402
0.571848
0.598827
0.598827
0.598827
0.598827
0.598827
0.598827
0.598827
0.598827
0.598827
0.598827
0.598827
0.598827
0.000587
0.000587
0.000587
0.000587
0.000587
0.000587
0.000587
0.397654
0.474487
0.373021
0.148974
0.069208
0.256305
0.598827
0.598827
0.598827
0.598827
0.598827
0.598827
0.598827
0.598827
0.598827
0.598827
0.598827
0.598827
0.598827
0.598827
0.598827
0.465689
0.505572
0.598827
0.598827
0.598827
0.598827
0.598827
0.598827
0.598827
0.598827
0.598827
0.598827
0.598827
0.598827
0.598827
0.598827
0.598827
0.000587
0.000587
0.000587
0.000587
0.000587
0.000587
0.000587
0.000587
0.000587
0.089736
0.452786
0.385337
0.000587
0.000587
0.000587
0.000587
0.000587
0.000587
0.000587
0.000587
0.000587
0.000587
0.000587
0.000587
0.021114
0.598827
0.598827
0.598827
0.598827
0.598827
0.598827
0.598827
0.449853
0.441056
0.598827
0.598827
0.598827
0.598827
0.598827
0.598827
0.598827
0.598827
0.598827
0.598827
0.598827
0.598827
0.598827
0.000587
0.000587
0.000587
0.000587
0.000587
0.000587
0.000587
0.386510
0.475660
0.397067
0.361290
0.262170
0.174780
0.015836
0.000587
0.059238
0.268035
0.448094
0.598827
0.598827
0.598827
0.598827
0.598827
0.598827
0.598827
0.598827
0.598827
0.598827
0.598827
0.598827
0.598827
0.598827
0.435777
0.598827
0.598827
0.598827
0.598827
0.598827
0.598827
0.598827
0.598827
0.598827
0.598827
0.598827
0.598827
0.598827
0.598827
0.598827
0.000587
0.000587
0.000587
0.000587
0.000587
0.000587
0.000587
0.000587
0.000587
0.000587
0.411730
0.442229
0.126686
0.000587
0.000587
0.000587
0.000587
0.000587
0.000587
0.000587
0.000587
0.000587
0.000587
0.000587
0.045748
0.598827
0.598827
0.598827
0.598827
0.598827
0.598827
0.598827
0.598827
0.468622
0.443402
0.598240
0.598827
0.598827
0.598827
0.598827
0.598827
0.598827
0.598827
0.598827
0.598827
0.598827
0.598827
0.598827
0.000587
0.000587
0.000587
0.000587
0.000587
0.000587
0.156598
0.466862
0.470968
0.375367
0.243402
0.279765
0.478006
0.598827
0.598827
0.598827
0.598827
0.598827
0.598827
0.598827
0.598827
0.598827
0.598827
0.598827
0.598827
0.598827
0.598827
0.598827
0.598827
0.598827
0.598827
0.466862
0.480938
0.520235
0.598827
0.598827
0.598827
0.598827
0.598827
0.598827
0.598827
0.598827
0.598827
0.380645
0.035777
0.000587
0.000587
0.000587
0.000587
0.000587
0.000587
0.000587
0.000587
0.000587
0.184164
0.466276
0.292669
0.000587
0.000587
0.000587
0.000587
0.000587
0.000587
0.000587
0.000587
0.000587
0.011144
0.598827
0.598827
0.598827
0.598827
0.598827
0.598827
0.598827
0.598827
0.598827
0.439296
0.463343
0.598827
0.598827
0.598827
0.598827
0.598827
0.598827
0.598827
0.598827
0.598827
0.598827
0.598827
0.598827
0.598827
0.598827
0.598827
0.000587
0.000587
0.000587
0.000587
0.000587
0.000587
0.402346
0.469208
0.357185
0.000587
0.000587
0.000587
0.000587
0.000587
0.000587
0.000587
0.000587
0.000587
0.000587
0.000587
0.000587
0.000587
0.000587
0.000587
0.000587
0.000587
0.598827
0.598827
0.598827
0.598827
0.598827
0.598827
0.598827
0.598827
0.500880
0.437537
0.460411
0.526100
0.459238
0.492669
0.477419
0.403519
0.092082
0.000587
0.053959
0.211144
0.000587
0.000587
0.000587
0.000587
0.000587
0.000587
0.000587
0.000587
0.000587
0.000587
0.173607
0.463930
0.274487
0.000587
0.000587
0.000587
0.000587
0.000587
0.000587
0.000587
0.000587
0.000587
0.000587
0.000587
0.000587
0.000587
0.000587
0.000587
0.000587
0.598827
0.598827
0.598827
0.598827
0.560704
0.436950
0.458651
0.457478
0.598827
0.598827
0.598827
0.598827
0.598827
0.598827
0.598827
0.598827
0.598827
0.598827
0.598827
0.598827
0.230499
0.000587
0.000587
0.000587
0.000587
0.000587
0.000587
0.000587
0.369501
0.472141
0.308504
0.000587
0.000587
0.000587
0.000587
0.000587
0.000587
0.160117
0.489736
0.000587
0.000587
0.304985
0.598827
0.598827
0.598827
0.598827
0.598827
0.598827
0.598827
0.598827
0.598827
0.598827
0.598827
0.598827
0.598827
0.546628
0.434604
0.283871
0.273900
0.322581
0.459238
0.514370
0.598827
0.598827
0.595308
0.325513
0.000587
0.000587
0.000587
0.000587
0.000587
0.000587
0.000587
0.000587
0.000587
0.000587
0.000587
0.000587
0.000587
0.261584
0.469208
0.240469
0.000587
0.000587
0.000587
0.000587
0.000587
0.000587
0.000587
0.000587
0.000587
0.000587
0.000587
0.000587
0.069795
0.598827
0.598827
0.598827
0.598827
0.598827
0.598827
0.471554
0.449267
0.598827
0.598827
0.598827
0.598827
0.598827
0.598827
0.598827
0.598827
0.598827
0.598827
0.598827
0.598827
0.303812
0.000587
0.000587
0.000587
0.000587
0.000587
0.000587
0.000587
0.086217
0.452199
0.442229
0.018182
0.000587
0.000587
0.000587
0.000587
0.000587
0.000587
0.000587
0.000587
0.000587
0.000587
0.000587
0.000587
0.000587
0.000587
0.000587
0.000587
0.000587
0.598827
0.598827
0.598827
0.598827
0.598827
0.507331
0.432258
0.455718
0.371261
0.598827
0.598827
0.598827
0.598827
0.598827
0.598827
0.543695
0.333138
0.024047
0.000587
0.000587
0.000587
0.000587
0.000587
0.000587
0.000587
0.000587
0.000587
0.000587
0.000587
0.000587
0.367742
0.470381
0.330792
0.207038
0.232258
0.000587
0.000587
0.000587
0.000587
0.000587
0.000587
0.000587
0.000587
0.000587
0.000587
0.000587
0.000587
0.000587
0.311437
0.598827
0.598827
0.598827
0.598827
0.598827
0.598827
0.598827
0.598827
0.598827
0.436950
0.528446
0.598827
0.598827
0.585337
0.348387
0.000587
0.000587
0.000587
0.000587
0.000587
0.000587
0.000587
0.000587
0.106745
0.456305
0.465689
0.280938
0.000587
0.000587
0.000587
0.000587
0.000587
0.000587
0.000587
0.000587
0.000587
0.000587
0.000587
0.000587
0.000587
0.000587
0.441642
0.598827
0.598827
0.598827
0.598827
0.598827
0.598827
0.598827
0.598827
0.478592
0.441056
0.442815
0.526100
0.598827
0.598827
0.598827
0.598827
0.598827
0.598827
0.598827
0.598827
0.598827
0.598827
0.380645
0.004692
0.000587
0.000587
0.000587
0.000587
0.000587
0.000587
0.000587
0.000587
0.000587
0.046921
0.438123
0.453959
0.056305
0.000587
0.000587
0.000587
0.000587
0.000587
0.000587
0.000587
0.000587
0.000587
0.000587
0.000587
0.006452
0.592962
0.598827
0.598827
0.598827
0.598827
0.598827
0.528446
0.442229
0.462757
0.598827
0.598827
0.598827
0.598827
0.598827
0.598827
0.598827
0.598827
0.598827
0.598827
0.598827
0.598827
0.598827
0.598827
0.598827
0.000587
0.000587
0.000587
0.000587
0.000587
0.160117
0.464516
0.460411
0.199413
0.000587
0.000587
0.000587
0.000587
0.000587
0.000587
0.000587
0.000587
0.000587
0.000587
0.000587
0.000587
0.000587
0.000587
0.000587
0.598827
0.598827
0.598827
0.598827
0.598827
0.598827
0.598827
0.438123
0.456892
0.569501
0.598827
0.598827
0.598827
0.507331
0.300293
0.301466
0.249853
0.174194
0.000587
0.000587
0.000587
0.000587
0.000587
0.000587
0.000587
0.000587
0.000587
0.000587
0.000587
0.000587
0.000587
0.158358
0.465689
0.393548
0.000587
0.000587
0.000587
0.000587
0.000587
0.000587
0.000587
0.000587
0.000587
0.000587
0.000587
0.000587
0.000587
0.000587
0.000587
0.417009
0.598827
0.598827
0.598827
0.598827
0.598827
0.598827
0.461584
0.446334
0.526100
0.598827
0.598827
0.598827
0.598827
0.598827
0.598827
0.598827
0.598827
0.598827
0.598827
0.598827
0.598827
0.000587
0.000587
0.000587
0.000587
0.000587
0.000587
0.184751
0.469795
0.455718
0.364809
0.598827
0.598827
0.598827
0.598827
0.598827
0.598827
0.598827
0.000587
0.000587
0.000587
0.000587
0.000587
0.000587
0.000587
0.000587
0.000587
0.000587
0.000587
0.000587
0.598827
0.598827
0.598827
0.598827
0.598827
0.598827
0.432258
0.449853
0.316716
0.160117
0.460411
0.598827
0.598827
0.598827
0.598827
0.598827
0.598827
0.598827
0.598827
0.598827
0.171848
0.000587
0.000587
0.000587
0.000587
0.000587
0.000587
0.000587
0.000587
0.212903
0.469795
0.221701
0.000587
0.000587
0.000587
0.000587
0.000587
0.000587
0.000587
0.000587
0.000587
0.000587
0.000587
0.000587
0.000587
0.000587
0.000587
0.000587
0.000587
0.598827
0.598827
0.598827
0.598827
0.598827
0.598827
0.454545
0.448094
0.598827
0.598827
0.598827
0.598827
0.598827
0.598827
0.598827
0.598827
0.598827
0.598827
0.598827
0.598827
0.000587
0.000587
0.000587
0.000587
0.000587
0.000587
0.000587
0.000587
0.000587
0.291496
0.473314
0.300293
0.060411
0.437537
0.598827
0.598827
0.598827
0.598827
0.598827
0.598827
0.130205
0.000587
0.000587
0.000587
0.000587
0.000587
0.000587
0.000587
0.598827
0.598827
0.598827
0.598827
0.598827
0.598827
0.598827
0.598827
0.598827
0.434018
0.435191
0.178299
0.000587
0.000587
0.000587
0.000587
0.007625
0.444575
0.598827
0.239883
0.000587
0.000587
0.000587
0.000587
0.000587
0.000587
0.000587
0.000587
0.000587
0.000587
0.000587
0.195894
0.467449
0.354252
0.000587
0.000587
0.000587
0.000587
0.000587
0.000587
0.000587
0.000587
0.000587
0.000587
0.000587
0.000587
0.000587
0.000587
0.000587
0.000587
0.000587
0.000587
0.584751
0.598827
0.598827
0.598827
0.598827
0.472141
0.448094
0.463930
0.598827
0.598827
0.598827
0.598827
0.598827
0.598827
0.598827
0.598827
0.598827
0.598827
0.598827
0.483871
0.000587
0.000587
0.000587
0.000587
0.000587
0.064516
0.449267
0.466862
0.342522
0.340762
0.598827
0.598827
0.598827
0.598827
0.598827
0.598827
0.150147
0.000587
0.007625
0.293255
0.136070
0.000587
0.000587
0.224047
0.598827
0.598827
0.598827
0.598827
0.598827
0.598827
0.598827
0.442815
0.455718
0.598827
0.598827
0.598827
0.598827
0.539589
0.000587
0.000587
0.000587
0.000587
0.000587
0.000587
0.000587
0.000587
0.000587
0.000587
0.000587
0.000587
0.000587
0.307918
0.412903
0.000587
0.000587
0.000587
0.000587
0.000587
0.000587
0.000587
0.000587
0.000587
0.025220
0.598827
0.598827
0.598827
0.598827
0.598827
0.598827
0.598827
0.598827
0.598827
0.598827
0.598827
0.598827
0.598827
0.598827
0.598827
0.598827
0.448094
0.191202
0.000587
0.000587
0.000587
0.000587
0.000587
0.000587
0.000587
0.000587
0.000587
0.000587
0.000587
0.000587
0.000587
0.000587
0.000587
0.000587
0.000587
0.009384
0.000587
0.000587
0.000587
0.000587
0.000587
0.000587
0.000587
0.000587
0.000587
0.000587
0.000587
0.000587
0.000587
0.000587
0.000587
0.000587
0.000587
0.000587
0.000587
0.000587
0.000587
0.000587
0.000587
0.000587
0.000587
0.000587
0.000587
0.000587
0.000587
0.000587
0.000587
0.000587
0.000587
0.000587
0.000587
0.000587
0.000587
0.000587
0.000587
0.000587
0.000587
0.000587
0.000587
0.000587
0.000587
0.000587
0.000587
0.000587
0.000587
0.000587
0.000587
0.000587
0.000587
0.000587
0.032845
0.191202
0.243988
0.323754
0.339589
0.427566
0.410557
0.436364
0.388856
0.382405
0.390616
0.374780
0.438123
0.432258
0.503226
0.510850
0.598827
0.598827
0.598827
0.598827
0.598827
0.598827
0.598827
0.598827
0.598827
0.598827
0.598827
0.598827
0.598827
0.598827
0.598827
0.598827
0.598827
0.598827
0.598827
0.598827
0.598827
0.598827
0.598827
0.598827
0.598827
0.598827
0.598827
0.598827
0.598827
0.598827
0.598827
0.598827
0.598827
0.598827
0.598827
0.598827
0.598827
0.598827
0.598827
0.598827
0.598827
0.598827
0.598827
0.598827
0.598827
0.598827
0.598827
0.598827
0.598827
0.598827
0.598827
0.598827
0.598827
0.598827
0.598827
0.598827
0.541936
0.551320
0.526100
0.520235
0.528446
0.496188
0.536657
0.487390
0.523167
0.480938
0.476246
0.447507
0.425806
0.446921
0.414076
0.460997
0.426393
0.432845
0.394721
0.382991
0.373607
0.323754
0.331965
0.270381
0.305572
0.264516
0.239296
0.153666
0.385924
0.598827
0.598827
0.588856
0.024047
0.070968
0.151906
0.205865
0.204106
0.180059
0.209971
0.161877
0.203519
0.159531
0.187683
0.175953
0.182405
0.217595
0.209971
0.266862
0.256305
0.327273
0.327859
0.372434
0.391789
0.395894
0.413490
0.332551
0.310850
0.211730
0.205865
0.151906
0.140176
0.146628
0.127859
0.169501
0.130792
0.177126
0.149560
0.179472
0.174780
0.171848
0.201173
0.166569
0.214663
0.184751
0.235777
0.219941
0.246921
0.282111
0.266276
0.285631
0.247507
0.287390
0.250440
0.272141
0.246921
0.246334
0.262170
0.225220
0.191789
0.129619
0.558358
0.598827
0.598827
0.310850
0.015836
0.145455
0.198240
0.258651
0.212317
0.254545
0.240469
0.252786
0.270381
0.246334
0.293255
0.266276
0.332551
0.320235
0.372434
0.397654
0.430499
0.487390
0.483871
0.559531
0.546628
0.598827
0.571848
0.551906
0.507331
0.446334
0.458065
0.405279
0.446921
0.411730
0.453372
0.446921
0.460997
0.487390
0.469208
0.525513
0.493255
0.540762
0.512024
0.541936
0.545455
0.538416
0.584164
0.553079
0.598827
0.581232
0.598827
0.598827
0.598827
0.598827
0.598240
0.598827
0.591789
0.598827
0.598827
0.598827
0.598827
0.559531
0.598827
0.598827
0.598827
0.598827
0.598827
0.592962
0.598827
0.598827
0.598827
0.598827
0.598827
0.598827
0.598827
0.598827
0.598827
0.598827
0.598827
0.598827
0.598827
0.598827
0.598827
0.598827
0.598827
0.598827
0.598827
0.598827
0.598827
0.598827
0.598827
0.598827
0.598827
0.598827
0.598827
0.598827
0.598827
0.598827
0.598827
0.598827
0.598827
0.598827
0.598827
0.598827
0.598827
0.598827
0.598827
0.598827
0.598827
0.598827
0.598827
0.598827
0.598827
0.598827
0.598827
0.598827
0.598827
0.598827
0.598827
0.598827
0.598827
0.598827
0.598827
0.598827
0.598827
0.598827
0.598827
0.598827
0.598827
0.598827
0.598827
0.598827
0.598827
0.598827
0.598827
0.598827
0.598827
0.598827
0.598827
0.598827
0.598827
0.598827
0.598827
0.598827
0.598827
0.598827
0.598827
0.598827
0.598827
0.598827
0.598827
0.598827
0.598827
0.598827
0.598827
0.598827
0.582405
0.586510
0.546041
0.535484
0.539589
0.495601
0.524340
0.468035
0.496188
0.445748
0.452786
0.433431
0.401760
0.415249
0.361877
0.402933
0.351906
0.379472
0.348974
0.378299
0.372434
0.303226
0.320235
0.252199
0.277419
0.211144
0.218182
0.188270
0.167155
0.127859
0.008798
0.299707
0.598827
0.598827
0.286217
0.000587
0.000587
0.000587
0.000587
0.000587
0.000587
0.000587
0.000587
0.000587
0.000587
0.000587
0.000587
0.000587
0.000587
0.000587
0.000587
0.000587
0.055132
0.069795
0.119062
0.099120
0.163050
0.115543
0.119062
0.039883
0.000587
0.000587
0.000587
0.000587
0.000587
0.000587
0.000587
0.000587
0.000587
0.000587
0.000587
0.000587
0.000587
0.000587
0.000587
0.000587
0.000587
0.000587
0.000587
0.000587
0.000587
0.052786
0.032258
0.084457
0.096188
0.093842
0.100880
0.060997
0.119062
0.066276
0.107918
0.080352
0.114370
0.112023
0.034018
0.044575
0.362463
0.598827
0.598827
0.175367
0.000587
0.000587
0.132551
0.129619
0.164809
0.125513
0.175367
0.150733
0.191202
0.181818
0.184164
0.221114
0.196481
0.261584
0.235777
0.307918
0.304985
0.348974
0.377126
0.386510
0.448680
0.424047
0.472727
0.405279
0.398827
0.335484
0.301466
0.299120
0.261584
0.299707
0.259238
0.316716
0.290323
0.320235
0.319648
0.315543
0.352493
0.314956
0.369501
0.326686
0.374194
0.348387
0.365982
0.392375
0.375367
0.429326
0.411730
0.472141
0.453372
0.510264
0.537243
0.532551
0.548387
0.516716
0.582991
0.539003
0.591202
0.571261
0.598827
0.598827
0.550147
0.577126
0.598827
0.598827
0.598827
0.598827
0.598827
0.570675
0.598827
0.598827
0.598827
0.598827
0.598827
0.598827
0.598827
0.598827
0.598827
0.598827
0.598827
0.598827
0.598827
0.598827
0.598827
0.598827
0.598827
0.598827
0.598827
0.598827
0.598827
0.598827
0.598827
0.598827
0.598827
0.598827
0.598827
0.598827
0.598827
0.598827
0.598827
0.598827
0.598827
0.598827
0.598827
0.598827
0.598827
0.598827
0.598827
0.598827
0.598827
0.598827
0.598827
0.598827
0.598827
0.598827
0.598827
0.598827
0.598827
0.598827
0.598827
0.598827
0.598827
0.598827
0.598827
0.598827
0.598827
0.598827
0.598827
0.598827
0.598827
0.598827
0.598827
0.598827
0.598827
0.598827
0.598827
0.598827
0.598827
0.598827
0.598827
0.598827
0.598827
0.598827
0.598827
0.598827
0.598827
0.598827
0.598827
0.598827
0.598827
0.598827
0.598827
0.598827
0.598827
0.598827
0.598827
0.598827
0.598827
0.598827
0.598827
0.598827
0.598827
0.598827
0.598827
0.598827
0.598827
0.598827
0.597067
0.550733
0.564223
0.491496
0.512610
0.445161
0.440469
0.393548
0.367742
0.363636
0.306745
0.323754
0.257478
0.292082
0.262170
0.233431
0.194135
0.141935
0.143109
0.060997
0.015249
0.000587
0.000587
0.000587
0.000587
0.000587
0.093842
0.598827
0.046921
0.000587
0.000587
0.000587
0.000587
0.000587
0.000587
0.000587
0.000587
0.000587
0.000587
0.000587
0.000587
0.000587
0.000587
0.000587
0.000587
0.000587
0.000587
0.000587
0.000587
0.000587
0.000587
0.000587
0.000587
0.000587
0.000587
0.000587
0.000587
0.000587
0.000587
0.000587
0.000587
0.000587
0.000587
0.000587
0.000587
0.000587
0.000587
0.000587
0.000587
0.000587
0.000587
0.000587
0.000587
0.000587
0.000587
0.000587
0.000587
0.000587
0.000587
0.000587
0.000587
0.000587
0.000587
0.000587
0.000587
0.000587
0.000587
0.000587
0.000587
0.000587
0.000587
0.000587
0.492082
0.598827
0.132551
0.000587
0.000587
0.000587
0.000587
0.000587
0.000587
0.000587
0.070381
0.046921
0.095601
0.091496
0.109677
0.146041
0.134311
0.212317
0.195894
0.281525
0.275073
0.335484
0.363050
0.383578
0.442229
0.420528
0.468035
0.392962
0.400587
0.344282
0.347214
0.349560
0.338416
0.397067
0.373607
0.445161
0.421701
0.475660
0.489150
0.510850
0.553666
0.534311
0.594135
0.568915
0.598827
0.598827
0.598827
0.598827
0.598827
0.598827
0.598827
0.598827
0.598827
0.598827
0.598827
0.598827
0.598827
0.598827
0.598827
0.598827
0.598827
0.598827
0.598827
0.598827
0.598827
0.598827
0.598827
0.598827
0.598827
0.598827
0.598827
0.598827
0.598827
0.598827
0.598827
0.598827
0.598827
0.598827
0.598827
0.598827
0.598827
0.598827
0.598827
0.598827
0.598827
0.598827
0.598827
0.598827
0.598827
0.598827
0.598827
0.598827
0.598827
0.598827
0.598827
0.598827
0.598827
0.598827
0.598827
0.598827
0.598827
0.598827
0.598827
0.598827
0.598827
0.598827
0.598827
0.598827
0.598827
0.598827
0.598827
0.598827
0.598827
0.598827
0.598827
0.598827
0.598827
0.598827
0.598827
0.598827
0.598827
0.598827
0.598827
0.598827
0.598827
0.598827
0.598827
0.598827
0.598827
0.598827
0.598827
0.598827
0.598827
0.598827
0.598827
0.598827
0.598827
0.598827
0.598827
0.598827
0.598827
0.598827
0.598827
0.598827
0.598827
0.598827
0.598827
0.598827
0.598827
0.598827
0.598827
0.598827
0.598827
0.598827
0.598827
0.598827
0.598827
0.598827
0.598827
0.598827
0.598827
0.598827
0.598827
0.598827
0.598827
0.598827
0.598827
0.598827
0.598827
0.596481
0.588856
0.549560
0.568328
0.517302
0.538416
0.488563
0.493842
0.465103
0.447507
0.443402
0.392375
0.407625
0.351906
0.371261
0.336070
0.346628
0.323167
0.307918
0.347801
0.292669
0.295601
0.228152
0.236950
0.196481
0.173607
0.158944
0.123754
0.133724
0.052786
0.000587
0.096774
0.598827
0.598827
0.266862
0.000587
0.000587
0.000587
0.000587
0.000587
0.000587
0.000587
0.000587
0.000587
0.000587
0.000587
0.000587
0.000587
0.000587
0.000587
0.000587
0.000587
0.000587
0.000587
0.000587
0.000587
0.000587
0.000587
0.000587
0.000587
0.000587
0.000587
0.000587
0.000587
0.000587
0.000587
0.000587
0.000587
0.000587
0.000587
0.000587
0.000587
0.000587
0.000587
0.000587
0.000587
0.000587
0.000587
0.000587
0.000587
0.000587
0.000587
0.000587
0.000587
0.000587
0.000587
0.000587
0.000587
0.000587
0.000587
0.000587
0.000587
0.000587
0.000587
0.000587
0.000587
0.000587
0.000587
0.026979
0.038710
0.028739
0.063930
0.032258
0.071554
0.039296
0.092669
0.083284
0.099120
0.027566
0.041056
0.546628
0.598827
0.598827
0.088563
0.000587
0.063343
0.158944
0.198240
0.175367
0.228739
0.208211
0.267449
0.255132
0.283284
0.304985
0.310264
0.372434
0.370674
0.443988
0.442229
0.513197
0.535484
0.581232
0.598827
0.598827
0.598827
0.598827
0.598827
0.598827
0.598827
0.598827
0.598827
0.598827
0.598827
0.598827
0.598827
0.598827
0.598827
0.598827
0.598827
0.598827
0.598827
0.598827
0.598827
0.598827
0.598827
0.598827
0.598827
0.598827
0.598827
0.598827
0.598827
0.598827
0.598827
0.598827
0.598827
0.598827
0.598827
0.598827
0.598827
0.598827
0.598827
0.598827
0.598827
0.598827
0.598827
0.598827
0.598827
0.598827
0.598827
0.598827
0.598827
0.598827
0.598827
0.598827
0.598827
0.598827
0.598827
0.598827
0.598827
0.598827
0.598827
0.598827
0.598827
0.598827
0.598827
0.598827
0.598827
0.598827
0.598827
0.598827
0.598827
0.598827
0.598827
0.598827
0.598827
0.598827
0.598827
0.598827
0.598827
0.598827
0.598827
0.598827
0.598827
0.598827
0.598827
0.598827
0.598827
0.598827
0.598827
0.598827
0.598827
0.570088
0.533138
0.534897
0.486217
0.516716
0.468622
0.489736
0.455718
0.448680
0.449853
0.410557
0.417009
0.336070
0.346628
0.287977
0.289736
0.261584
0.243988
0.259238
0.218182
0.253372
0.204692
0.234604
0.205865
0.218768
0.219941
0.204106
0.232258
0.198240
0.259238
0.224047
0.258065
0.259824
0.280938
0.280352
0.234604
0.263343
0.224633
0.259824
0.212317
0.235777
0.237537
0.232258
0.241056
0.096774
0.226979
0.598827
0.598827
0.598827
0.195308
0.024633
0.135484
0.241642
0.214663
0.256305
0.223460
0.255718
0.256892
0.258065
0.283871
0.262170
0.319648
0.297947
0.348974
0.341935
0.382405
0.408798
0.419355
0.470381
0.449267
0.509677
0.478006
0.506158
0.463343
0.415249
0.378299
0.300293
0.300880
0.229912
0.260997
0.225220
0.238123
0.232845
0.220528
0.249853
0.214076
0.259824
0.228739
0.265103
0.240469
0.241642
0.243402
0.216422
0.245748
0.207625
0.249853
0.214076
0.235777
0.221701
0.217595
0.234018
0.199413
0.235191
0.191789
0.228152
0.200587
0.217595
0.215249
0.201760
0.236364
0.195894
0.238123
0.201760
0.236950
0.227566
0.233431
0.239883
0.207625
0.240469
0.205279
0.248680
0.218768
0.241642
0.241056
0.235191
0.267449
0.248094
0.295601
0.253372
0.315543
0.302053
0.296188
0.299707
0.274487
0.306745
0.251613
0.285044
0.254545
0.274487
0.253959
0.187683
0.161290
0.415836
0.598827
0.598827
0.460411
0.052199
0.123754
0.239883
0.261584
0.295601
0.268622
0.323754
0.302053
0.340762
0.329032
0.344282
0.377126
0.374780
0.443988
0.435191
0.503812
0.508504
0.560704
0.589443
0.598827
0.598827
0.598827
0.598827
0.598827
0.598827
0.598827
0.598827
0.598827
0.588856
0.598827
0.565982
0.598827
0.589443
0.598827
0.598827
0.598827
0.598827
0.598827
0.598827
0.598827
0.598827
0.598827
0.598827
0.598827
0.598827
0.598827
0.598827
0.598827
0.598827
0.598827
0.598827
0.598827
0.598827
0.598827
0.598827
0.598827
0.598827
0.598827
0.598827
0.598827
0.598827
0.598827
0.598827
0.598827
0.598827
0.598827
0.598827
0.598827
0.598827
0.598827
0.598827
0.598827
0.598827
0.598827
0.598827
0.598827
0.598827
0.598827
0.598827
0.598827
0.598827
0.598827
0.598827
0.598827
0.598827
0.598827
0.598827
0.598827
0.598827
0.598827
0.598827
0.598827
0.598827
0.598827
0.506745
0.598827
0.598827
0.598827
0.598827
0.598827
0.598827
0.598827
0.598827
0.598827
0.598827
0.598827
0.598827
0.598827
0.598827
0.598827
0.598827
0.598827
0.598827
0.598827
0.598827
0.598827
0.598827
0.598827
0.598827
0.570088
0.556012
0.473314
0.481525
0.423460
0.422287
0.412317
0.390616
0.404692
0.358358
0.395308
0.344868
0.364223
0.334897
0.321994
0.324340
0.285631
0.312023
0.254545
0.284457
0.245161
0.261584
0.248094
0.222874
0.238710
0.193548
0.222287
0.171848
0.195308
0.165982
0.164809
0.163636
0.139589
0.161877
0.126686
0.167742
0.131378
0.156012
0.169501
0.162463
0.161877
0.116129
0.151906
0.107331
0.126686
0.084457
0.103812
0.100293
0.079765
0.024633
0.000587
0.306745
0.598827
0.598827
0.099707
0.000587
0.000587
0.000587
0.000587
0.000587
0.000587
0.000587
0.011144
0.022287
0.008211
0.035191
0.005865
0.060411
0.033431
0.086804
0.080352
0.110850
0.148387
0.157771
0.214663
0.205279
0.268622
0.245161
0.264516
0.222874
0.173021
0.145455
0.080938
0.094428
0.039296
0.075660
0.054545
0.072141
0.079765
0.072141
0.113196
0.092669
0.145455
0.113196
0.151320
0.146628
0.153666
0.168915
0.149560
0.195308
0.166569
0.210557
0.188270
0.217009
0.224633
0.221114
0.251613
0.224633
0.273314
0.238123
0.282111
0.267449
0.285044
0.299707
0.285044
0.329619
0.287977
0.334897
0.304399
0.338416
0.328446
0.325513
0.354839
0.329619
0.374780
0.346041
0.404692
0.389443
0.413490
0.453959
0.451026
0.473900
0.447507
0.496188
0.469208
0.499120
0.483284
0.497361
0.526686
0.515543
0.526686
0.415249
0.598827
0.598827
0.598827
0.598827
0.598827
0.446334
0.537243
0.598827
0.598827
0.598827
0.598827
0.598827
0.598827
0.598827
0.598827
0.598827
0.598827
0.598827
0.598827
0.598827
0.598827
0.598827
0.598827
0.598827
0.598827
0.598827
0.598827
0.598827
0.598827
0.598827
0.598827
0.598827
0.598827
0.598827
0.598827
0.598827
0.598827
0.598827
0.598827
0.598827
0.598827
0.598827
0.598827
0.598827
0.598827
0.598827
0.598827
0.598827
0.598827
0.598827
0.598827
0.598827
0.598827
0.598827
0.598827
0.598827
0.598827
0.598827
0.598827
0.598827
0.598827
0.598827
0.598827
0.598827
0.598827
0.598827
0.598827
0.598827
0.598827
0.598827
0.598827
0.598827
0.598827
0.598827
0.598827
0.598827
0.598827
0.598827
0.598827
0.598827
0.598827
0.598827
0.598827
0.514956
0.536070
0.598827
0.598827
0.598827
0.598827
0.476246
0.375953
0.512024
0.523167
0.517889
0.523167
0.499707
0.529032
0.492082
0.519062
0.494428
0.520821
0.514956
0.516129
0.540176
0.523754
0.570675
0.544868
0.588856
0.577126
0.591789
0.598827
0.579472
0.582405
0.500880
0.477419
0.382405
0.350147
0.303226
0.276833
0.270968
0.234604
0.262170
0.210557
0.240469
0.211144
0.229912
0.222874
0.205279
0.226393
0.187097
0.224047
0.180645
0.212903
0.189443
0.197067
0.202933
0.181818
0.214663
0.177126
0.218182
0.182991
0.205279
0.191789
0.179472
0.201173
0.161290
0.196481
0.153666
0.188270
0.160704
0.174194
0.173607
0.160117
0.200000
0.160704
0.207625
0.179472
0.231672
0.195308
0.186510
0.188856
0.156012
0.181232
0.125513
0.167742
0.137830
0.157185
0.150147
0.053959
0.063930
0.435777
0.598827
0.598827
0.157771
0.000587
0.000587
0.043402
0.092669
0.130792
0.097947
0.150147
0.126686
0.143695
0.127273
0.129619
0.156598
0.141935
0.201760
0.176540
0.238710
0.236950
0.277419
0.306745
0.317889
0.367742
0.344868
0.392962
0.341349
0.341349
0.280352
0.232258
0.201760
0.154839
0.173021
0.126100
0.164809
0.141935
0.165396
0.163050
0.163636
0.199413
0.171848
0.218182
0.182405
0.225220
0.207625
0.219941
0.226393
0.205865
0.248094
0.219355
0.274487
0.253959
0.293842
0.292082
0.300880
0.342522
0.328446
0.381818
0.358358
0.407038
0.395894
0.419941
0.441642
0.441056
0.480352
0.455132
0.507331
0.479179
0.520821
0.513197
0.522581
0.544868
0.530205
0.575953
0.543109
0.590029
0.571848
0.598240
0.598827
0.598827
0.598827
0.598827
0.598827
0.598827
0.598827
0.598827
0.598827
0.598827
0.598827
0.598827
0.598827
0.598827
0.598827
0.598827
0.598240
0.598827
0.598827
0.598827
0.598827
0.598827
0.598827
0.584751
0.598827
0.598827
0.598827
0.598827
0.598827
0.598827
0.598827
0.598827
0.598827
0.598827
0.598827
0.598827
0.598827
0.598827
0.598827
0.598827
0.598827
0.598827
0.598827
0.598827
0.598827
0.598827
0.598827
0.598827
0.598827
0.598827
0.598827
0.598827
0.598827
0.598827
0.598827
0.598827
0.598827
0.598827
0.598827
0.598827
0.598827
0.598827
0.598827
0.598827
0.598827
0.598827
0.598827
0.581818
0.598827
0.570675
0.598827
0.557185
0.579472
0.560704
0.551906
0.560704
0.525513
0.548387
0.502053
0.536657
0.503226
0.520821
0.511437
0.489150
0.500880
0.457478
0.487977
0.438710
0.460997
0.421114
0.432258
0.429912
0.401760
0.435191
0.414076
0.431672
0.379472
0.388270
0.368915
0.350733
0.350733
0.306158
0.343109
0.293255
0.310850
0.184164
0.203519
0.598827
0.598827
0.598827
0.295015
0.007038
0.038710
0.165982
0.174780
0.167155
0.168915
0.140762
0.179472
0.141935
0.185337
0.158358
0.185337
0.190616
0.190616
0.225220
0.209384
0.260411
0.242229
0.286217
0.283871
0.308504
0.321408
0.297361
0.313783
0.236950
0.222287
0.129619
0.103812
0.060411
0.035191
0.043988
0.009971
0.051026
0.019355
0.063930
0.035191
0.053372
0.052786
0.045748
0.076246
0.039883
0.082111
0.050440
0.093255
0.083871
0.096188
0.122581
0.100880
0.149560
0.113196
0.160704
0.135484
0.162463
0.165982
0.154839
0.186510
0.158358
0.205279
0.177126
0.218768
0.208211
0.222287
0.234018
0.223460
0.263930
0.232845
0.278592
0.260997
0.289150
0.300293
0.314956
0.342522
0.315543
0.384751
0.346628
0.367742
0.334311
0.347801
0.358358
0.327859
0.346628
0.312610
0.360117
0.333138
0.351320
0.252199
0.365982
0.598827
0.598827
0.598827
0.292082
0.194721
0.302053
0.387097
0.390616
0.378886
0.408798
0.388856
0.438123
0.401760
0.440469
0.422287
0.439883
0.463343
0.458651
0.511437
0.490909
0.558944
0.552493
0.598827
0.598827
0.598827
0.598827
0.598827
0.598827
0.590029
0.575367
0.504399
0.485631
0.463343
0.432258
0.455132
0.418182
0.465689
0.431085
0.460997
0.449267
0.456305
0.475073
0.447507
0.489736
0.453959
0.496774
0.467449
0.482698
0.488563
0.485631
0.521994
0.496774
0.551320
0.521994
0.559531
0.554839
0.573021
0.588856
0.571848
0.598827
0.578299
0.598827
0.593548
0.598827
0.598827
0.598827
0.598827
0.598827
0.598827
0.598827
0.598827
0.598827
0.598827
0.598827
0.598827
0.598827
0.598827
0.598827
0.598827
0.598827
0.598827
0.598827
0.598827
0.598827
0.598827
0.598827
0.598827
0.598827
0.598827
0.598827
0.598827
0.598827
0.598827
0.598827
0.598827
0.598827
0.598827
0.598827
0.598827
0.598827
0.598827
0.598827
0.598827
0.598827
0.598827
0.598827
0.598827
0.598827
0.598827
0.598827
0.598827
0.598827
0.598827
0.598827
0.598827
0.598827
0.598827
0.598827
0.598827
0.598827
0.598827
0.598827
0.598827
0.598827
0.598827
0.598827
0.598827
0.598827
0.598827
0.598827
0.598827
0.598827
0.598827
0.598827
0.598827
0.598827
0.598827
0.598827
0.598827
0.598827
0.598827
0.598827
0.598827
0.598827
0.598827
0.598827
0.598827
0.598827
0.598827
0.598827
0.598827
0.598827
0.598827
0.598827
0.598827
0.598827
0.598827
0.598827
0.598827
0.598827
0.598827
0.598827
0.598827
0.598827
0.598827
0.598827
0.598827
0.598827
0.598827
0.568915
0.570088
0.561877
0.527273
0.453372
0.405865
0.598827
0.598827
0.598827
0.598827
0.271554
0.274487
0.358944
0.418768
0.374780
0.405279
0.369501
0.395308
0.384164
0.376540
0.394721
0.371848
0.419355
0.387097
0.426393
0.411144
0.437537
0.453372
0.449853
0.487977
0.455132
0.495601
0.449853
0.444575
0.373021
0.301466
0.248094
0.163050
0.145455
0.070381
0.083284
0.046334
0.052199
0.045161
0.024047
0.038710
0.001173
0.032845
0.000587
0.017595
0.000587
0.000587
0.000587
0.000587
0.000587
0.000587
0.000587
0.000587
0.000587
0.000587
0.000587
0.000587
0.000587
0.000587
0.000587
0.000587
0.000587
0.000587
0.000587
0.000587
0.000587
0.000587
0.000587
0.000587
0.000587
0.000587
0.000587
0.000587
0.000587
0.000587
0.000587
0.000587
0.000587
0.000587
0.000587
0.000587
0.080352
0.598827
0.598827
0.000587
0.000587
0.000587
0.000587
0.000587
0.000587
0.000587
0.000587
0.001173
0.029326
0.059238
0.059824
0.072727
0.110850
0.110850
0.170088
0.170674
0.239296
0.252199
0.304985
0.341935
0.353079
0.405279
0.374780
0.390029
0.312023
0.288563
0.226979
0.205279
0.207038
0.175953
0.208211
0.180059
0.226979
0.208211
0.236950
0.246921
0.252199
0.287977
0.265689
0.305572
0.280938
0.313783
0.298534
0.309091
0.316129
0.299707
0.337243
0.310264
0.353666
0.321994
0.350147
0.343109
0.343109
0.365982
0.343695
0.384164
0.350147
0.392375
0.368915
0.387097
0.391202
0.374780
0.398240
0.360704
0.398240
0.367742
0.391789
0.381818
0.389443
0.404106
0.382405
0.424047
0.388270
0.442815
0.428153
0.456892
0.464516
0.492669
0.514370
0.468035
0.509677
0.466862
0.507918
0.478592
0.490323
0.506745
0.500880
0.543695
0.506745
0.468035
0.495601
0.598827
0.598827
0.598827
0.598827
0.405279
0.520821
0.585924
0.598827
0.598827
0.598827
0.598827
0.598827
0.598827
0.598827
0.598827
0.598827
0.598827
0.598827
0.598827
0.598827
0.598827
0.598827
0.598827
0.598827
0.598827
0.598827
0.598827
0.598827
0.598827
0.598827
0.598827
0.598827
0.598827
0.598827
0.598827
0.598827
0.598827
0.598827
0.598827
0.598827
0.598827
0.598827
0.598827
0.598827
0.598827
0.598827
0.598827
0.598827
0.598827
0.598827
0.598827
0.598827
0.598827
0.598827
0.598827
0.598827
0.598827
0.598827
0.598827
0.598827
0.598827
0.598827
0.598827
0.598827
0.598827
0.598827
0.598827
0.598827
0.598827
0.598827
0.598827
0.598827
0.598827
0.598827
0.598827
0.598827
0.598827
0.598827
0.598827
0.598827
0.598827
0.598827
0.598827
0.598827
0.598827
0.598827
0.519648
0.533138
0.598827
0.598827
0.598827
0.598827
0.557185
0.354839
0.493842
0.504985
0.536070
0.495015
0.525513
0.504399
0.505572
0.509677
0.480938
0.507918
0.469795
0.513783
0.483871
0.505572
0.499707
0.500880
0.540176
0.517889
0.561877
0.523754
0.547214
0.491496
0.442815
0.386510
0.300293
0.279765
0.210557
0.220528
0.160704
0.180059
0.161877
0.157185
0.166569
0.133138
0.165396
0.123754
0.149560
0.115543
0.119062
0.112610
0.093842
0.102639
0.060411
0.085630
0.043988
0.068035
0.041642
0.043402
0.051026
0.021114
0.052199
0.011730
0.052786
0.011144
0.028152
0.018182
0.011730
0.031672
0.003519
0.049853
0.017009
0.056891
0.043988
0.082111
0.077419
0.046921
0.063343
0.030499
0.060997
0.009971
0.035191
0.030499
0.032845
0.059824
0.015249
0.000587
0.004692
0.598827
0.598827
0.450440
0.000587
0.000587
0.000587
0.000587
0.052199
0.058065
0.093842
0.093842
0.118475
0.148387
0.127859
0.168328
0.138416
0.198240
0.183578
0.228739
0.246334
0.269208
0.323754
0.324340
0.395894
0.384164
0.431672
0.398827
0.377126
0.326686
0.253959
0.249267
0.188856
0.211144
0.170674
0.198827
0.197654
0.209384
0.244575
0.238123
0.296188
0.280352
0.351320
0.353666
0.397067
0.417009
0.425220
0.464516
0.450440
0.504399
0.494428
0.552493
0.560117
0.587683
0.598827
0.598827
0.598827
0.598827
0.598827
0.598827
0.598827
0.598827
0.598827
0.598827
0.598827
0.598827
0.598827
0.598827
0.598827
0.598827
0.598827
0.598827
0.598827
0.598827
0.598827
0.598827
0.598827
0.598827
0.598827
0.598827
0.598827
0.598827
0.598827
0.598827
0.598827
0.598827
0.598827
0.598827
0.598827
0.598827
0.598827
0.598827
0.598827
0.598827
0.598827
0.598827
0.598827
0.598827
0.598827
0.598827
0.598827
0.598827
0.598827
0.598827
0.598827
0.598827
0.598827
0.598827
0.598827
0.598827
0.598827
0.598827
0.598827
0.598827
0.598827
0.598827
0.598827
0.598827
0.598827
0.598827
0.598827
0.598827
0.598827
0.598827
0.598827
0.568915
0.554839
0.526686
0.495015
0.506745
0.460997
0.490323
0.448094
0.466862
0.444575
0.441056
0.445161
0.405865
0.428739
0.375953
0.398827
0.357185
0.363636
0.343109
0.326686
0.330792
0.287977
0.313196
0.259238
0.282698
0.245161
0.237537
0.225220
0.192962
0.209384
0.159531
0.188270
0.144868
0.153666
0.131378
0.120821
0.129619
0.107331
0.137243
0.097361
0.155425
0.126100
0.120235
0.107331
0.083871
0.109677
0.065103
0.090323
0.061584
0.087390
0.070968
0.073900
0.038123
0.000587
0.195308
0.598827
0.598827
0.185337
0.000587
0.000587
0.000587
0.011144
0.055132
0.100880
0.076833
0.128446
0.127273
0.146041
0.152493
0.149560
0.195308
0.177713
0.239296
0.236364
0.290323
0.308504
0.340762
0.391202
0.390616
0.448094
0.422287
0.433431
0.359531
0.318475
0.278006
0.235777
0.232845
0.191789
0.227566
0.188856
0.222287
0.216422
0.239296
0.257478
0.245748
0.283871
0.258651
0.304985
0.283871
0.317302
0.321994
0.328446
0.364809
0.356012
0.416422
0.415249
0.478006
0.482111
0.512024
0.540762
0.542522
0.584751
0.568915
0.598827
0.598827
0.598827
0.598827
0.598827
0.598827
0.598827
0.598827
0.598827
0.598827
0.598827
0.598827
0.598827
0.598827
0.598827
0.598827
0.598827
0.598827
0.598827
0.598827
0.598827
0.598827
0.598827
0.598827
0.598827
0.598827
0.598827
0.598827
0.598827
0.598827
0.598827
0.598827
0.598827
0.598827
0.598827
0.598827
0.598827
0.598827
0.598827
0.598827
0.598827
0.598827
0.598827
0.598827
0.598827
0.598827
0.598827
0.598827
0.598827
0.598827
0.598827
0.598827
0.598827
0.598827
0.598827
0.598827
0.598827
0.598827
0.598827
0.598827
0.598827
0.598827
0.598827
0.534311
0.490323
0.384164
0.365982
0.289150
0.273900
0.241056
0.209384
0.207625
0.170674
0.196481
0.147214
0.167742
0.137830
0.140176
0.145455
0.120235
0.139003
0.098534
0.133138
0.092082
0.117302
0.093842
0.106158
0.116716
0.089150
0.127859
0.092082
0.124340
0.097947
0.119062
0.117889
0.105572
0.129619
0.090323
0.123167
0.085044
0.125513
0.116716
0.140176
0.157185
0.151906
0.219941
0.184751
0.219355
0.194135
0.229326
0.226979
0.227566
0.245748
0.228152
0.275660
0.244575
0.280938
0.189443
0.183578
0.547214
0.598827
0.598827
0.521994
0.052199
0.096774
0.231672
0.238710
0.241056
0.257478
0.238710
0.275073
0.242229
0.270968
0.231672
0.254545
0.259238
0.268622
0.325513
0.323167
0.389443
0.381818
0.451026
0.453959
0.484457
0.502053
0.482111
0.476833
0.383578
0.359531
0.268035
0.249267
0.221114
0.205279
0.215249
0.189443
0.226979
0.202346
0.249853
0.224047
0.252786
0.260411
0.257478
0.283871
0.253372
0.300293
0.270381
0.305572
0.291496
0.299707
0.317302
0.300880
0.341935
0.316716
0.360117
0.329032
0.353079
0.348974
0.343109
0.367155
0.338416
0.382405
0.349560
0.383578
0.360117
0.373021
0.381232
0.371261
0.405279
0.368915
0.407625
0.375953
0.405865
0.395894
0.406452
0.428153
0.402346
0.441642
0.405279
0.443402
0.419355
0.459824
0.468622
0.455718
0.509677
0.492669
0.517302
0.475073
0.490323
0.478006
0.469795
0.468035
0.446334
0.473314
0.431085
0.466276
0.386510
0.327273
0.543109
0.598827
0.598827
0.598827
0.351320
0.202346
0.371848
0.394135
0.410557
0.421114
0.414663
0.455718
0.432258
0.473314
0.444575
0.476246
0.474487
0.496188
0.530205
0.520235
0.586510
0.574194
0.598827
0.598827
0.598827
0.598827
0.598827
0.598827
0.598827
0.598827
0.510264
0.489150
0.439883
0.424633
0.422287
0.398240
0.429912
0.388856
0.429912
0.404692
0.427566
0.430499
0.428739
0.452786
0.420528
0.453372
0.418182
0.449267
0.427566
0.435777
0.438710
0.421701
0.451026
0.411730
0.451613
0.418768
0.444575
0.439883
0.439883
0.455718
0.426393
0.466862
0.435777
0.469208
0.443402
0.460411
0.464516
0.447507
0.475660
0.445748
0.480352
0.448680
0.482111
0.468035
0.474487
0.481525
0.466276
0.506745
0.475073
0.514370
0.509091
0.528446
0.502053
0.478592
0.487977
0.453372
0.474487
0.429326
0.465103
0.441642
0.453959
0.463930
0.365396
0.366569
0.598827
0.598827
0.598827
0.598827
0.264516
0.290909
0.421114
0.427566
0.452786
0.419941
0.455132
0.435777
0.449267
0.445161
0.434018
0.470968
0.448680
0.497361
0.477419
0.519062
0.533138
0.561877
0.597654
0.598827
0.598827
0.598827
0.598827
0.598827
0.598827
0.537830
0.475660
0.458651
0.412317
0.437537
0.401760
0.432845
0.414663
0.426979
0.435191
0.419355
0.447507
0.416422
0.451613
0.424633
0.455132
0.439883
0.439883
0.455718
0.428153
0.459824
0.429326
0.470381
0.447507
0.475073
0.484457
0.476246
0.506158
0.479765
0.519062
0.483284
0.513783
0.498534
0.507331
0.514956
0.504399
0.534897
0.492669
0.529032
0.489736
0.512610
0.516129
0.506745
0.520821
0.508504
0.548387
0.489150
0.507331
0.464516
0.468622
0.453959
0.419941
0.447507
0.415836
0.454545
0.430499
0.408211
0.363050
0.598827
0.598827
0.598827
0.598827
0.382991
0.327859
0.432845
0.503226
0.500880
0.518475
0.569501
0.558944
0.598827
0.598827
0.598827
0.598827
0.598827
0.598827
0.598827
0.598827
0.598827
0.598827
0.598827
0.598827
0.598827
0.598827
0.598827
0.598827
0.598827
0.598827
0.598827
0.598827
0.598827
0.598827
0.598827
0.598827
0.598827
0.598827
0.598827
0.598827
0.598827
0.598827
0.598827
0.598827
0.598827
0.598827
0.598827
0.598827
0.598827
0.598827
0.598827
0.598827
0.598827
0.598827
0.597067
0.598827
0.588270
0.586510
0.590616
0.572434
0.598827
0.553079
0.583578
0.553079
0.576540
0.554252
0.547214
0.584751
0.536657
0.547214
0.481525
0.487977
0.432845
0.407625
0.378886
0.350147
0.356598
0.307918
0.307331
0.143695
0.272727
0.598827
0.598827
0.598827
0.136070
0.000587
0.013490
0.139589
0.126100
0.131378
0.122581
0.115543
0.146041
0.114956
0.156012
0.112023
0.141349
0.133724
0.158358
0.193548
0.194135
0.253959
0.242229
0.302639
0.293255
0.339003
0.333138
0.323167
0.298534
0.204106
0.185924
0.100880
0.122581
0.080938
0.091496
0.095015
0.086217
0.120235
0.092082
0.137243
0.100880
0.133138
0.120821
0.129032
0.142522
0.123167
0.156598
0.120821
0.156012
0.133138
0.163050
0.164223
0.159531
0.192375
0.165982
0.208798
0.175953
0.219355
0.205279
0.228152
0.253959
0.246334
0.281525
0.265689
0.340176
0.293842
0.312610
0.293255
0.292669
0.303226
0.273314
0.307918
0.277419
0.317302
0.297947
0.285044
0.187097
0.352493
0.598827
0.598827
0.598827
0.214076
0.129032
0.258065
0.331378
0.348387
0.326100
0.375367
0.351320
0.400000
0.378299
0.407038
0.407625
0.409384
0.444575
0.436364
0.489736
0.473314
0.533724
0.532551
0.568915
0.585337
0.580645
0.598827
0.539589
0.521994
0.415836
0.390616
0.339003
0.309677
0.312610
0.280352
0.317302
0.289736
0.330792
0.302639
0.327859
0.331965
0.330792
0.363050
0.331378
0.374780
0.347214
0.377126
0.362463
0.373021
0.386510
0.370088
0.398240
0.365396
0.412903
0.388856
0.415249
0.415249
0.412903
0.437537
0.410557
0.447507
0.425806
0.466276
0.457478
0.478006
0.514370
0.497947
0.506158
0.461584
0.497361
0.465103
0.478592
0.459824
0.462757
0.487390
0.465689
0.500293
0.395308
0.432845
0.598827
0.598827
0.598827
0.598827
0.332551
0.360117
0.510850
0.500293
0.529032
0.514956
0.536657
0.566569
0.561290
0.598827
0.580059
0.598827
0.598240
0.598827
0.598827
0.598827
0.598827
0.598827
0.598827
0.598827
0.598827
0.598827
0.598827
0.598827
0.598827
0.598827
0.598827
0.598827
0.598827
0.598827
0.598827
0.598827
0.598827
0.598827
0.598827
0.598827
0.598827
0.598827
0.598827
0.598827
0.598827
0.598827
0.598827
0.598827
0.598827
0.598827
0.598827
0.598827
0.598827
0.598827
0.598827
0.598827
0.598827
0.598827
0.598827
0.598827
0.598827
0.598827
0.598827
0.598827
0.598827
0.598827
0.598827
0.598827
0.598827
0.598827
0.598827
0.598827
0.598827
0.598827
0.598827
0.598827
0.598827
0.598827
0.598827
0.598827
0.598827
0.598827
0.598827
0.598827
0.598827
0.598827
0.598827
0.598827
0.598827
0.598827
0.598827
0.598827
0.598827
0.598827
0.598827
0.598827
0.598827
0.598827
0.598827
0.598827
0.598827
0.598827
0.598827
0.598827
0.598827
0.598827
0.598827
0.598827
0.598827
0.598827
0.598827
0.598827
0.598827
0.598827
0.598827
0.598827
0.598827
0.598827
0.598827
0.598827
0.598827
0.598827
0.598827
0.598827
0.598827
0.598827
0.598827
0.598827
0.582405
0.598827
0.570675
0.588270
0.566569
0.557771
0.551320
0.526686
0.560704
0.518475
0.548974
0.521408
0.560704
0.539589
0.506158
0.495601
0.455718
0.468035
0.413490
0.433431
0.401173
0.408211
0.410557
0.370674
0.295601
0.310850
0.598827
0.598827
0.598827
0.457478
0.104985
0.195308
0.271554
0.326100
0.284457
0.312610
0.297947
0.318475
0.313783
0.305572
0.329032
0.304985
0.348387
0.329619
0.373607
0.376540
0.408798
0.443402
0.445748
0.508504
0.497361
0.534311
0.483871
0.460997
0.391789
0.333724
0.320821
0.367742
0.551906
0.541936
0.570675
0.551906
0.556598
0.543695
0.525513
0.556012
0.523754
0.545455
0.501466
0.516129
0.489150
0.479765
0.471554
0.431672
0.443988
0.391789
0.412903
0.365982
0.381232
0.366569
0.349560
0.364809
0.329032
0.350147
0.308504
0.330205
0.160704
0.058651
0.031085
0.000587
0.021701
0.000587
0.010557
0.000587
0.010557
0.000587
0.002346
0.047507
0.000587
0.000587
0.000587
0.000587
0.000587
0.000587
0.000587
0.000587
0.000587
0.000587
0.000587
0.000587
0.000587
0.000587
0.598827
0.598827
0.000587
0.000587
0.000587
0.000587
0.000587
0.000587
0.000587
0.000587
0.000587
0.000587
0.000587
0.000587
0.000587
0.000587
0.000587
0.023460
0.066276
0.146041
0.143695
0.215836
0.218182
0.275660
0.276246
0.273900
0.256305
0.169501
0.140176
0.062170
0.071554
0.023460
0.036364
0.039296
0.035191
0.074487
0.061584
0.132551
0.127273
0.175953
0.178886
0.215836
0.241056
0.233431
0.283284
0.261584
0.304399
0.283284
0.309677
0.305572
0.295601
0.325513
0.302053
0.348387
0.318475
0.364223
0.344868
0.361877
0.370088
0.357771
0.387097
0.358944
0.411144
0.390616
0.431085
0.427566
0.441642
0.455718
0.428153
0.487390
0.468622
0.493255
0.455718
0.465689
0.465103
0.445748
0.453959
0.417595
0.458065
0.422874
0.457478
0.427566
0.336657
0.425806
0.598827
0.598827
0.598827
0.598827
0.254545
0.370088
0.453372
0.465103
0.479765
0.470381
0.518475
0.490323
0.526100
0.506745
0.528446
0.535484
0.534897
0.575367
0.570088
0.598827
0.598827
0.598827
0.598827
0.598827
0.598827
0.598827
0.598827
0.598827
0.598827
0.516129
0.480352
0.442229
0.404106
0.415836
0.372434
0.409971
0.363636
0.390616
0.369501
0.380645
0.375953
0.357185
0.376540
0.336657
0.372434
0.339003
0.360704
0.349560
0.339003
0.347214
0.317889
0.353666
0.317302
0.349560
0.321408
0.334311
0.330792
0.316129
0.334897
0.296188
0.330205
0.283871
0.296774
0.281525
0.279179
0.285631
0.265689
0.302053
0.259824
0.295601
0.272727
0.302053
0.306158
0.297361
0.320235
0.306745
0.356012
0.322581
0.370674
0.388270
0.412903
0.417595
0.398240
0.432258
0.402346
0.421114
0.383578
0.407038
0.404692
0.406452
0.431672
0.401173
0.330792
0.344282
0.598827
0.598827
0.598827
0.598827
0.174780
0.296188
0.358944
0.417009
0.385924
0.425220
0.422874
0.441056
0.446921
0.428739
0.466862
0.432258
0.478006
0.464516
0.509091
0.530792
0.543109
0.589443
0.581818
0.598827
0.598827
0.598827
0.598827
0.588856
0.514956
0.427566
0.404106
0.328446
0.338416
0.296188
0.316129
0.307918
0.315543
0.345455
0.331965
0.377713
0.359531
0.405279
0.385924
0.409971
0.423460
0.415836
0.448094
0.422874
0.459824
0.429326
0.455132
0.443402
0.449853
0.461584
0.450440
0.493255
0.469208
0.506745
0.486217
0.507331
0.506158
0.503226
0.528446
0.505572
0.546628
0.523167
0.556598
0.534311
0.541349
0.544868
0.525513
0.550733
0.510264
0.537830
0.496188
0.512610
0.500880
0.481525
0.493842
0.458065
0.477419
0.446334
0.472727
0.450440
0.460411
0.460411
0.445748
0.487390
0.460997
0.486217
0.451613
0.484457
0.479179
0.471554
0.474487
0.453959
0.489150
0.456305
0.480352
0.438710
0.366569
0.472727
0.598827
0.598827
0.598827
0.598827
0.273900
0.435191
0.500293
0.518475
0.534897
0.527859
0.576540
0.563636
0.598827
0.594135
0.598827
0.598827
0.598827
0.598827
0.598827
0.598827
0.598827
0.598827
0.598827
0.598827
0.598827
0.598827
0.598827
0.598827
0.598827
0.598827
0.598827
0.598827
0.598827
0.598827
0.598827
0.598827
0.598827
0.598827
0.598827
0.598827
0.598827
0.598827
0.598827
0.598827
0.598827
0.598827
0.598827
0.598827
0.598827
0.598827
0.598827
0.598827
0.598827
0.598827
0.598827
0.598827
0.598827
0.598827
0.598827
0.598827
0.598827
0.598827
0.598827
0.598827
0.598827
0.598827
0.598827
0.598827
0.598827
0.598827
0.598827
0.598827
0.598827
0.598827
0.598827
0.598827
0.598827
0.598827
0.598827
0.598827
0.598827
0.598827
0.598827
0.598827
0.598827
0.598827
0.598827
0.598827
0.598827
0.598827
0.598240
0.554252
0.467449
0.468622
0.598827
0.598827
0.598827
0.598827
0.318475
0.306745
0.383578
0.444575
0.411730
0.445748
0.428153
0.453959
0.458065
0.446921
0.475660
0.445748
0.485631
0.457478
0.490909
0.484457
0.500293
0.524927
0.509677
0.557185
0.529619
0.560704
0.499707
0.415249
0.300880
0.210557
0.174194
0.100293
0.112610
0.071554
0.097947
0.083284
0.094428
0.105572
0.089150
0.119648
0.079179
0.112023
0.077419
0.095601
0.076246
0.066862
0.081525
0.046921
0.079179
0.038123
0.063343
0.029326
0.035777
0.038123
0.030499
0.055718
0.022874
0.058065
0.018182
0.063343
0.056305
0.056891
0.070381
0.065103
0.100880
0.078592
0.102639
0.067449
0.103812
0.124340
0.123754
0.164223
0.158944
0.229326
0.199413
0.252786
0.239883
0.272727
0.283871
0.273900
0.320821
0.300880
0.353079
0.331965
0.347214
0.218768
0.289150
0.598827
0.598827
0.598827
0.487390
0.110264
0.192375
0.288563
0.295601
0.273314
0.304399
0.270381
0.314956
0.282698
0.304399
0.283871
0.292669
0.302639
0.295015
0.339589
0.314956
0.380645
0.375953
0.415836
0.424633
0.420528
0.444575
0.382991
0.351320
0.228152
0.184164
0.097361
0.075660
0.041056
0.005865
0.021701
0.000587
0.018768
0.000587
0.024047
0.019941
0.018182
0.043402
0.020528
0.062757
0.046921
0.083871
0.065103
0.083871
0.086804
0.090323
0.121408
0.100293
0.156012
0.130205
0.177126
0.170088
0.186510
0.202346
0.185337
0.227566
0.195894
0.246334
0.215249
0.234018
0.238710
0.226979
0.255132
0.228152
0.263343
0.224633
0.273314
0.255132
0.264516
0.280352
0.289736
0.316129
0.262170
0.297947
0.260411
0.278592
0.255718
0.250440
0.269795
0.249853
0.290909
0.249853
0.191202
0.164223
0.598827
0.598827
0.598827
0.483284
0.033431
0.182405
0.248680
0.304399
0.287977
0.305572
0.334311
0.329032
0.380059
0.359531
0.406452
0.373021
0.417009
0.423460
0.443402
0.489736
0.492669
0.556012
0.554839
0.598827
0.598827
0.598827
0.598827
0.572434
0.534311
0.435191
0.421114
0.351906
0.358358
0.326100
0.326686
0.340176
0.319648
0.359531
0.340176
0.385924
0.366569
0.390616
0.389443
0.384164
0.422874
0.400587
0.446921
0.414076