0.460997
0.466276
0.471554
0.507918
0.532551
0.575367
0.598240
0.598827
0.598827
0.598827
0.563050
0.517302
0.472727
0.444575
0.411144
0.392962
0.380059
0.374194
0.365396
0.361290
0.355425
0.360117
0.368915
0.381232
0.387097
0.382991
0.386510
0.398827
0.382405
0.368915
0.364223
0.367155
0.363050
0.363636
0.358358
0.358358
0.371261
0.368915
0.372434
0.370674
0.370674
0.376540
0.391202
0.401173
0.422874
0.429326
0.433431
0.439883
0.428153
0.421114
0.400000
0.400587
0.405279
0.407038
0.405865
0.414663
0.426393
0.429326
0.440469
0.439883
0.456305
0.452786
0.446921
0.452199
0.459238
0.452199
0.467449
0.479765
0.479179
0.486804
0.496774
0.499120
0.493255
0.493255
0.484457
0.490909
0.479765
0.462757
0.460411
0.460411
0.476246
0.480938
0.475660
0.475660
0.465689
0.442229
0.598827
0.598827
0.598827
0.598827
0.398827
0.262170
0.400587
0.469795
0.489150
0.475660
0.472141
0.487390
0.496774
0.507918
0.522581
0.538416
0.538416
0.534897
0.541936
0.548974
0.553666
0.574780
0.598240
0.598827
0.598827
0.598827
0.598827
0.598827
0.598827
0.590616
0.544282
0.503812
0.470381
0.446334
0.428153
0.416422
0.404106
0.399413
0.402346
0.398240
0.391789
0.394135
0.400000
0.396481
0.409971
0.428739
0.428739
0.424047
0.426393
0.417595
0.410557
0.406452
0.421701
0.429912
0.446921
0.447507
0.441056
0.428739
0.421701
0.416422
0.431672
0.428739
0.434018
0.436364
0.436950
0.449267
0.448094
0.443402
0.451026
0.451026
0.446921
0.451026
0.446921
0.459238
0.464516
0.480938
0.497361
0.510264
0.530205
0.526686
0.519648
0.503226
0.503226
0.502053
0.490909
0.473314
0.475660
0.480352
0.493255
0.496188
0.506158
0.507918
0.493255
0.469208
0.598827
0.598827
0.598827
0.598827
0.445748
0.279765
0.395308
0.487977
0.507331
0.469795
0.441056
0.442815
0.442815
0.435191
0.470968
0.495601
0.480352
0.480352
0.469208
0.463930
0.482111
0.490909
0.520235
0.546041
0.563050
0.585924
0.581818
0.577126
0.548974
0.483284
0.435777
0.411144
0.362463
0.335484
0.337243
0.330205
0.326100
0.326686
0.317302
0.285044
0.277419
0.298534
0.317889
0.335484
0.356598
0.375953
0.398827
0.398240
0.409384
0.398240
0.394135
0.419941
0.402933
0.370674
0.363050
0.350147
0.351906
0.344868
0.348387
0.353666
0.350147
0.351906
0.347801
0.347214
0.343695
0.334897
0.320821
0.309677
0.300293
0.299707
0.304985
0.313196
0.319648
0.341349
0.358358
0.371261
0.382405
0.405279
0.412903
0.407625
0.397067
0.404106
0.407038
0.402346
0.404692
0.414663
0.432845
0.431672
0.421701
0.426979
0.435777
0.443988
0.452199
0.453959
0.468622
0.475073
0.472727
0.450440
0.471554
0.451026
0.373021
0.459824
0.598827
0.598827
0.598827
0.454545
0.201173
0.327859
0.456892
0.490909
0.492082
0.494428
0.492082
0.473314
0.465689
0.455718
0.468622
0.496188
0.527273
0.557771
0.587683
0.598827
0.598827
0.598827
0.598827
0.598827
0.598827
0.598827
0.598827
0.598827
0.598827
0.569501
0.523754
0.496774
0.476246
0.464516
0.449267
0.443402
0.428153
0.422874
0.418182
0.401760
0.405279
0.410557
0.402346
0.391789
0.391202
0.391202
0.395894
0.403519
0.411144
0.440469
0.483284
0.490909
0.488563
0.472727
0.456892
0.448680
0.441056
0.436364
0.436364
0.441642
0.443402
0.449853
0.455132
0.458651
0.468035
0.463930
0.452786
0.462757
0.466276
0.479765
0.501466
0.504399
0.505572
0.516129
0.520235
0.511437
0.507918
0.482698
0.449853
0.419941
0.398240
0.400000
0.394135
0.392375
0.394721
0.392962
0.398827
0.404106
0.415836
0.418182
0.377713
0.450440
0.598827
0.598827
0.598827
0.563636
0.191789
0.225806
0.353666
0.434604
0.446334
0.445161
0.452786
0.464516
0.466862
0.478592
0.497947
0.513783
0.525513
0.534311
0.550147
0.565982
0.572434
0.586510
0.592962
0.592962
0.598827
0.598827
0.598827
0.598827
0.570675
0.526100
0.469795
0.419355
0.380059
0.371848
0.364223
0.355425
0.357185
0.353666
0.356012
0.385924
0.397067
0.403519
0.394135
0.388270
0.390616
0.391789
0.397067
0.398240
0.401760
0.408211
0.415249
0.419355
0.429912
0.421114
0.421701
0.432845
0.420528
0.417595
0.418768
0.420528
0.441056
0.451613
0.448094
0.441056
0.445748
0.456305
0.461584
0.465103
0.483871
0.508504
0.517302
0.510264
0.503226
0.502639
0.515543
0.507331
0.512024
0.517302
0.523167
0.527273
0.534897
0.537830
0.530792
0.513197
0.470381
0.472727
0.505572
0.478592
0.392962
0.390029
0.388270
0.394135
0.405279
0.408798
0.407625
0.388270
0.530205
0.598827
0.598827
0.598827
0.293842
0.273314
0.421114
0.470381
0.457478
0.428739
0.412903
0.422874
0.439883
0.460411
0.486217
0.507331
0.513197
0.509677
0.516129
0.523167
0.533138
0.550147
0.581232
0.598827
0.598827
0.598827
0.598827
0.598827
0.598827
0.598827