0.359531
0.355425
0.361290
0.361290
0.368915
0.369501
0.362463
0.363636
0.358944
0.361877
0.357185
0.361290
0.353666
0.362463
0.363050
0.358358
0.361290
0.358944
0.370674
0.375953
0.407038
0.431672
0.433431
0.409384
0.393548
0.401173
0.374780
0.361290
0.364809
0.368915
0.387683
0.561877
0.598827
0.598827
0.598827
0.598827
0.598827
0.348387
0.413490
0.415836
0.394135
0.400587
0.407038
0.431085
0.442815
0.458065
0.475073
0.493255
0.523754
0.553666
0.596481
0.598827
0.598827
0.598827
0.598827
0.598827
0.598827
0.598827
0.547214
0.482111
0.415249
0.367155
0.331965
0.314956
0.309091
0.306745
0.313783
0.311437
0.330205
0.337243
0.348387
0.355425
0.360704
0.366569
0.363636
0.371261
0.371848
0.374194
0.370674
0.367742
0.370088
0.361290
0.365982
0.364223
0.371848
0.365396
0.371261
0.377126
0.377126
0.377713
0.373607
0.394721
0.422874
0.447507
0.434604
0.412903
0.413490
0.409384
0.386510
0.371848
0.384751
0.375953
0.434604
0.598827
0.598827
0.598827
0.598827
0.598827
0.526686
0.361877
0.422874
0.404106
0.401173
0.396481
0.412317
0.415249
0.436950
0.449853
0.475660
0.493842
0.525513
0.557185
0.582991
0.598827
0.598827
0.598827
0.598827
0.598827
0.598827
0.591202
0.528446
0.463343
0.413490
0.364809
0.336657
0.323167
0.320235
0.319648
0.317302
0.329619
0.334897
0.347214
0.348974
0.365396
0.367155
0.370088
0.377126
0.377126
0.382405
0.370674
0.375367
0.370674
0.368328
0.376540
0.355425
0.382991
0.358358
0.367155
0.367155
0.359531
0.364223
0.368328
0.365396
0.381818
0.409971
0.425220
0.422287
0.398827
0.387097
0.394135
0.388270
0.394721
0.396481
0.405279
0.471554
0.598827
0.598827
0.598827
0.598827
0.598827
0.533138
0.330205
0.404106
0.388856
0.367742
0.374780
0.390616
0.400000
0.404106
0.421114
0.442815
0.465103
0.484457
0.513197
0.544868
0.574780
0.596481
0.598827
0.598827
0.598827
0.570675
0.516716
0.459824
0.397654
0.346041
0.299707
0.275660
0.279765
0.263930
0.276246
0.280938
0.307331
0.319062
0.324927
0.341935
0.320235
0.313196
0.294428
0.274487
0.256892
0.228739
0.214076
0.188270
0.182405
0.172434
0.171261
0.156012
0.157771
0.170088
0.171848
0.177713
0.183578
0.195308
0.211144
0.254545
0.272727
0.257478
0.243402
0.248094
0.244575
0.224633
0.235777
0.246921
0.247507
0.359531
0.598827
0.598827
0.598827
0.598827
0.598827
0.286217
0.329032
0.375953
0.370088
0.361290
0.379472
0.386510
0.411730
0.434604
0.456892
0.476833
0.509091
0.549560
0.579472
0.598827
0.598827
0.598827
0.598827
0.598827
0.598827
0.598827
0.598827
0.535484
0.479765
0.422874
0.387683
0.357185
0.339003
0.345455
0.340762
0.351320
0.354839
0.371261
0.368328
0.377126
0.396481
0.398240
0.401173
0.395894
0.416422
0.400587
0.407625
0.404692
0.405865
0.409971
0.401173
0.402933
0.390616
0.402933
0.397067
0.395894
0.397067
0.415249
0.451613
0.459824
0.448680
0.426979
0.439296
0.425806
0.408211
0.429912
0.444575
0.449853
0.573021
0.598827
0.598827
0.598827
0.598827
0.598827
0.492669
0.420528
0.462757
0.436950
0.442815
0.435777
0.443988
0.453959
0.468622
0.485044
0.500880
0.531965
0.549560
0.582991
0.598827
0.598827
0.598827
0.598827
0.598827
0.598827
0.598827
0.571848
0.502053
0.444575
0.394135
0.364223
0.333724
0.326686
0.320821
0.318475
0.323754
0.330205
0.344868
0.348974
0.365982
0.360117
0.370674
0.373607
0.375953
0.372434
0.367155
0.372434
0.357185
0.358944
0.346628
0.346041
0.344282
0.344282
0.349560
0.349560
0.363050
0.356012
0.377126
0.408211
0.436950
0.426979
0.398827
0.391789
0.388270
0.368328
0.360117
0.374780
0.368328
0.447507
0.598827
0.598827
0.598827
0.598827
0.598827
0.497947
0.353666
0.415249
0.403519
0.400587
0.398827
0.417595
0.433431
0.458651
0.467449
0.493255
0.519648
0.544868
0.595894
0.598827
0.598827
0.598827
0.598827
0.598827
0.598827
0.598827
0.577713
0.521994
0.447507
0.401760
0.359531
0.340176
0.322581
0.316716
0.319062
0.313783
0.323754
0.333724
0.348387
0.351906
0.351320
0.359531
0.363050
0.375953
0.373607
0.381818
0.369501
0.371848
0.366569
0.362463
0.360117
0.348974
0.354252
0.346628
0.354252
0.353079
0.356012
0.380059
0.408211
0.429912
0.408211
0.387683
0.375367
0.373021
0.351320
0.356012
0.370088
0.366569
0.508504
0.598827
0.598827
0.598827
0.598827
0.598827
0.362463
0.339589
0.402346
0.391202
0.385924
0.489736
0.510850
0.544868
0.568328
0.591202
0.598827
0.598827
0.598827
0.598827
0.598827
0.598827
0.598827
0.598827
0.598827
0.598827
0.595894
0.538416
0.504985
0.485044
0.457478
0.459238
0.446921
0.437537
0.452199
0.465689
0.459238
0.432845
0.434018
0.436364
0.453959
0.455132
0.492082
0.518475
0.488563
0.478006
0.477419
0.490909
0.472141
0.450440
0.468035
0.463343
0.448094
0.449267
0.464516
0.472141
0.485631
0.468035
0.490909
0.523167
0.533138
0.524927
0.478592
0.458065
0.435777
0.415836
0.408798
0.424047
0.431085
0.535484
0.598827
0.598827
0.598827
0.598827
0.598827
0.466862
0.380645
0.436364
0.417009
0.421114
0.422287
0.436364
0.437537
0.447507
0.463343
0.479765
0.502053
0.514956
0.554252
0.574780
0.598827
0.598827
0.598827
0.598827
0.598827
0.598827
0.572434
0.519648
0.463343
0.412317
0.369501
0.342522
0.330205
0.313196
0.317889
0.312610
0.340762
0.339589
0.347214
0.353079
0.350147
0.353666
0.350733
0.358944
0.348974
0.345455
0.336070
0.335484
0.327859
0.317302
0.319648
0.307918
0.316716
0.313783
0.320821
0.328446
0.321408
0.324927
0.327859
0.341349
0.363636
0.390029
0.394135
0.368915
0.350147
0.342522
0.326100
0.308504
0.321408
0.311437
0.359531
0.598827
0.598827
0.598827
0.598827
0.598827
0.398827
0.282111
0.354252
0.331965
0.330205
0.333138
0.356012
0.358358
0.377713
0.391789
0.417009
0.438710
0.457478
0.503226
0.526686
0.566569
0.584164
0.598827
0.598827
0.598827
0.579472
0.533138
0.486217
0.420528
0.367155
0.315543
0.280938
0.269795
0.258065
0.265103
0.265103
0.286804
0.282111
0.299120
0.299120
0.310850
0.309677
0.314369
0.326686
0.317302
0.322581
0.313196
0.314369
0.310264
0.304985
0.312023
0.300880
0.309677
0.306158
0.309677
0.304985
0.312023
0.320235
0.320821
0.325513
0.328446
0.337830
0.333724
0.348974
0.362463
0.395894
0.419941
0.409384
0.392962
0.373021
0.375367
0.344282
0.339003
0.342522
0.338416
0.441642
0.598827
0.598827
0.598827
0.598827
0.598827
0.320821
0.368328
0.367742
0.351906
0.333138
0.367155
0.384164
0.392962
0.411144
0.428153
0.450440
0.460997
0.502639
0.530205
0.561290
0.592375
0.598827
0.598827
0.598827
0.598827
0.598827
0.562463
0.520821
0.470381
0.404106
0.356598
0.332551
0.313196
0.310850
0.298534
0.320235
0.325513
0.333724
0.340762
0.348387
0.371848
0.368328
0.376540
0.372434
0.378299
0.380645
0.372434
0.367742
0.359531
0.367742
0.358944
0.375953
0.370088
0.364809
0.345455
0.307918
0.334311
0.492669
0.510850
0.386510
0.395894
0.465689
0.521408
0.554839
0.545455
0.498534
0.434018
0.434018
0.422287
0.487390
0.574780
0.598827
0.598240
0.553666
0.507331
0.433431
0.438123
0.598827
0.598827
0.598827
0.598827
0.598827
0.542522
0.347801
0.386510
0.368328
0.341349
0.348387
0.376540
0.392962
0.408211
0.414076
0.435191
0.440469
0.466862
0.486217
0.516716
0.563636
0.591202
0.598827
0.598827
0.598827
0.598240
0.578299
0.534311
0.475660
0.430499
0.373607
0.348974
0.311437
0.300293
0.291496
0.290909
0.311437
0.320235
0.339589
0.335484
0.347214
0.344868
0.350733
0.350733
0.347214
0.354839
0.346041
0.352493
0.343695
0.351906
0.346628
0.351320
0.356012
0.351320
0.360117
0.354252
0.368328
0.367155
0.376540
0.381818
0.388856
0.424633
0.438710
0.453372
0.420528
0.407625
0.403519
0.378299
0.367155
0.378886
0.384751
0.434018
0.598827
0.598827
0.598827
0.598827
0.598827
0.458065
0.335484
0.413490
0.397654
0.398827
0.399413
0.408211
0.424047
0.436364
0.456305
0.476833
0.499707
0.523167
0.545455
0.573607
0.598827
0.598827
0.598827
0.598827
0.598827
0.598827
0.595308
0.541936
0.476833
0.423460
0.390616
0.352493
0.340176
0.321994
0.333724
0.334311
0.348974
0.360117
0.356598
0.376540
0.376540
0.388856
0.378299
0.387683
0.382991
0.381232
0.387683
0.371261
0.379472
0.373021
0.383578
0.370674
0.378299
0.378886
0.375367
0.380059
0.371261
0.374194
0.370088
0.381232
0.387683
0.400000
0.438710
0.449853
0.449853
0.417009
0.412317
0.395308
0.376540
0.375367
0.378299
0.384751
0.483871
0.598827
0.598827
0.598827
0.598827
0.598827
0.382405
0.388270
0.401760
0.374780
0.381818
0.383578
0.400000
0.408211
0.414663
0.448680
0.470381
0.490323
0.505572
0.538416
0.561877
0.593548
0.598827
0.598827
0.598827
0.598827
0.598827
0.582991
0.528446
0.473900
0.424633
0.382405
0.347801
0.342522
0.326686
0.327859
0.330205
0.339589
0.356598
0.369501
0.384164
0.379472
0.388856
0.373021
0.376540
0.364809
0.358358
0.358358
0.343695
0.345455
0.332551
0.336070
0.337830
0.344282
0.353666
0.355425
0.367155
0.372434
0.377126
0.387097
0.429326
0.466862
0.468035
0.441642
0.419941
0.419355
0.382991
0.384751
0.382405
0.388856
0.452199
0.598827
0.598827
0.598827
0.598827
0.598827
0.460411
0.335484
0.394135
0.381232
0.368328
0.390616
0.391202
0.402933
0.418182
0.435777
0.449267
0.479765
0.513783
0.534897
0.573607
0.596481
0.598827
0.598827
0.598827
0.598827
0.598827
0.598827
0.538416
0.486804
0.419355
0.374194
0.336070
0.333724
0.329032
0.323167
0.336657
0.341935
0.358358
0.360117
0.358944
0.363636
0.358944
0.373021
0.368328
0.371848
0.356598
0.360704
0.358944
0.358358
0.353079
0.346041
0.352493
0.350733
0.365982
0.363636
0.363636
0.382405
0.415249
0.455132
0.443988
0.422874
0.406452
0.404106
0.367155
0.366569
0.384164
0.364223
0.442229
0.598827
0.598827
0.598827
0.598827
0.598827
0.428739
0.333138
0.392962
0.368915
0.353666
0.369501
0.371261
0.374194
0.387683
0.411730
0.432845
0.455132
0.497947
0.527859
0.570088
0.598827
0.598827
0.598827
0.598827
0.598827
0.598827
0.590029
0.530205
0.476246
0.424633
0.388270
0.375953
0.350147
0.354839
0.343109
0.349560
0.365396
0.371848
0.376540
0.381818
0.389443
0.387097
0.385924
0.378299
0.378299
0.360117
0.357771
0.369501
0.361877
0.369501
0.365396
0.385924
0.391789
0.405865
0.422287
0.436950
0.484457
0.498534
0.495015
0.448680
0.444575
0.431085
0.405279
0.411144
0.414076
0.417595
0.529032
0.598827
0.598827
0.598827
0.598827
0.598827
0.437537
0.405865
0.429326
0.399413
0.407625
0.417595
0.429326
0.439296
0.449853
0.482698
0.495601
0.537243
0.558358
0.591202
0.598827
0.598827
0.598827
0.598827
0.598827
0.598827
0.598827
0.598827
0.549560
0.492082
0.440469
0.405279
0.377713
0.374194
0.361290
0.380059
0.388270
0.394721
0.405865
0.406452
0.421114
0.415836
0.427566
0.422287
0.421114
0.419355
0.415249
0.421114
0.412317
0.419355
0.407038
0.418768
0.410557
0.405279
0.414076
0.407038
0.422874
0.451613
0.479179
0.463930
0.436364
0.428153
0.419355
0.391202
0.379472
0.397654
0.381818
0.473900
0.598827
0.598827
0.598827
0.598827
0.598827
0.418182
0.357771
0.406452
0.389443
0.382405
0.391789
0.407625
0.411144
0.430499
0.437537
0.460997
0.481525
0.513783
0.539003
0.557185
0.585924
0.595894
0.598827
0.598827
0.598827
0.597067
0.556012
0.503226
0.439883
0.408798
0.366569
0.347214
0.324340
0.319648
0.327859
0.331378
0.344282
0.340762
0.358358
0.352493
0.357771
0.360704
0.361877
0.364223
0.353079
0.353666
0.344868
0.356012
0.344868
0.341935
0.341935
0.350733
0.354839
0.347214
0.370674
0.388856
0.419941
0.440469
0.419355
0.390616
0.380059
0.363636
0.338416
0.343109
0.343109
0.357185
0.511437
0.598827
0.598827
0.598827
0.598827
0.598827
0.324340
0.351320
0.368915
0.354252
0.356012
0.368328
0.378886
0.390029
0.385924
0.424633
0.443402
0.466276
0.494428
0.513783
0.536070
0.543695
0.573607
0.568915
0.558944
0.557771
0.527273
0.486804
0.438123
0.400000
0.360117
0.338416
0.326100
0.320821
0.324340
0.330792
0.351320
0.352493
0.377713
0.370674
0.381232
0.391202
0.390616
0.395894
0.395308
0.398240
0.380059
0.390616
0.377713
0.378299
0.388270
0.381818
0.392962
0.390616
0.422874
0.449853
0.472141
0.452786
0.428739
0.419941
0.392375
0.382991
0.383578
0.400000
0.387683
0.559531
0.598827
0.598827
0.598827
0.598827
0.598827
0.454545
0.396481
0.418182
0.406452
0.409384
0.417009
0.441056
0.448094
0.459824
0.472141
0.501466
0.512610
0.537243
0.565982
0.590029
0.598827
0.598827
0.598827
0.596481
0.579472
0.540176
0.492082
0.466276
0.412317
0.388856
0.350147
0.344868
0.345455
0.347801
0.354252
0.353079
0.370674
0.375367
0.399413
0.401173
0.397654
0.390616
0.377713
0.375953
0.388856
0.381232
0.375953
0.380059
0.364223
0.382405
0.378886
0.397067
0.437537
0.445748
0.452199
0.418768
0.408211
0.391789
0.362463
0.362463
0.365982
0.369501
0.425220
0.598827
0.598827
0.598827
0.598827
0.598827
0.598827
0.374780
0.420528
0.398827
0.384164
0.398240
0.413490
0.424633
0.431085
0.451026
0.453959
0.480938
0.491496
0.516129
0.552493
0.559531
0.573021
0.560704
0.548974
0.512610
0.503812
0.470381
0.435777
0.402346
0.370088
0.356012
0.331378
0.318475
0.313783
0.321994
0.343109
0.340762
0.385924
0.381818
0.392962
0.403519
0.408211
0.398240
0.397067
0.401760
0.392375
0.410557
0.404692
0.397067
0.397067
0.408211
0.424633
0.441056
0.449267
0.453372
0.409384
0.402933
0.401173
0.363636
0.351320
0.351320
0.326686
0.409384
0.598827
0.598827
0.598827
0.598827
0.598827
0.472727
0.356598
0.389443
0.375953
0.360117
0.374780
0.384751
0.399413
0.405865
0.422287
0.441056
0.460411
0.492669
0.493842
0.527273
0.540176
0.525513
0.517302
0.497947
0.484457
0.449853
0.435191
0.396481
0.365396
0.321408
0.305572
0.294428
0.280352
0.300880
0.310264
0.330205
0.344282
0.365396
0.363050
0.363050
0.382991
0.373021
0.380059
0.374780
0.371261
0.363050
0.358944
0.365396
0.352493
0.365982
0.377713
0.396481
0.412903
0.426979
0.405279
0.383578
0.373021
0.339589
0.331378
0.326686
0.340176
0.298534
0.451026
0.598827
0.598827
0.598827
0.598827
0.598827
0.357185
0.387683
0.385924
0.362463
0.369501
0.368915
0.391202
0.400000
0.423460
0.431672
0.447507
0.471554
0.488563
0.526686
0.529619
0.539589
0.519648
0.506158
0.480352
0.459824
0.442815
0.416422
0.387683
0.354839
0.336070
0.307918
0.304985
0.305572
0.319648
0.332551
0.331378
0.351320
0.353666
0.361877
0.356012
0.360117
0.366569
0.351906
0.356012
0.341935
0.353079
0.344868
0.349560
0.348974
0.342522
0.349560
0.347214
0.353079
0.346041
0.354839
0.359531
0.377713
0.387683
0.409384
0.434018
0.428153
0.412903
0.388856
0.378299
0.348974
0.341349
0.354252
0.337243
0.398827
0.598827
0.598827
0.598827
0.598827
0.598827
0.538416
0.352493
0.395894
0.391789
0.367155
0.370674
0.364223
0.357185
0.365982
0.369501
0.387097
0.365982
0.385924
0.395894
0.398240
0.387097
0.353079
0.339589
0.293842
0.278592
0.265689
0.260411
0.265689
0.290323
0.313783
0.299707
0.299707
0.313196
0.388270
0.472141
0.529619
0.576540
0.592375
0.574194
0.540762
0.478592
0.457478
0.434018
0.369501
0.364809
0.372434
0.329032
0.298534
0.273900
0.300293
0.305572
0.303226
0.307331
0.316716
0.312023
0.351906
0.475660
0.598827
0.598827
0.598827
0.598827
0.598827
0.598827
0.598827
0.598827
0.552493
0.486804
0.471554
0.598827
0.598827
0.598827
0.598827
0.598827
0.598827
0.568915
0.598827
0.598827
0.598827
0.598827
0.598827
0.598827
0.573607
0.542522
0.510850
0.422874
0.323167
0.248094
0.144282
0.048680
0.051613
0.106158
0.268035
0.431672
0.490323
0.598827
0.598827
0.598827
0.598827
0.598827
0.598827
0.598827
0.473900
0.217595
0.087390
0.091496
0.068622
0.099120
0.208798
0.337830
0.428153
0.473900
0.553079
0.489736
0.412317
0.546628
0.598827
0.598827
0.598827
0.598827
0.598827
0.598827
0.598827
0.598827
0.598827
0.598827
0.473314
0.363636
0.117889
0.000587
0.000587
0.000587
0.000587
0.000587
0.598827
0.598827
0.598827
0.598827
0.443988
0.437537
0.341349
0.106158
0.000587
0.000587
0.000587
0.000587
0.000587
0.340176
0.502053
0.538416
0.598240
0.598827
0.598827
0.598827
0.598827
0.598827
0.598827
0.598827
0.598827
0.598827
0.598827
0.598827
0.598827
0.510264
0.412317
0.272727
0.199413
0.136657
0.000587
0.000587
0.000587
0.000587
0.000587
0.000587
0.402346
0.598827
0.598827
0.598827
0.453959
0.304399
0.225806
0.200000
0.080938
0.000587
0.223460
0.556012
0.598827
0.598827
0.598827
0.598827
0.598827
0.598827
0.556012
0.598827
0.598827
0.598827
0.598827
0.598827
0.598827
0.598827
0.598827
0.598827
0.598827
0.171848
0.000587
0.000587
0.000587
0.000587
0.000587
0.000587
0.279179
0.598827
0.569501
0.598827
0.598827
0.497361
0.427566
0.324340
0.160704
0.000587
0.000587
0.000587
0.000587
0.000587
0.000587
0.000587
0.041642
0.598827
0.598827
0.598827
0.598827
0.598827
0.598827
0.598827
0.598827
0.598827
0.598827
0.598827
0.598827
0.598827
0.598827
0.598827
0.436950
0.280352
0.174780
0.000587
0.000587
0.000587
0.000587
0.000587
0.000587
0.537243
0.598827
0.598827
0.598827
0.598827
0.598827
0.598827
0.535484
0.492082
0.598827
0.598827
0.598827
0.528446
0.264516
0.351320
0.598827
0.598827
0.598827
0.545455
0.598827
0.598827
0.598827
0.598827
0.598827
0.598827
0.598827
0.598827
0.598827
0.598827
0.598827
0.598827
0.598827
0.446921
0.244575
0.000587
0.000587
0.000587
0.000587
0.357185
0.598827
0.576540
0.588856
0.544868
0.157185
0.000587
0.000587
0.000587
0.000587
0.000587
0.000587
0.000587
0.000587
0.000587
0.000587
0.000587
0.000587
0.341935
0.550147
0.436364
0.598827
0.598827
0.598827
0.598827
0.598827
0.598827
0.598827
0.598827
0.598827
0.598827
0.598827
0.598827
0.598827
0.598827
0.598827
0.598827
0.031672
0.000587
0.000587
0.000587
0.000587
0.598827
0.598827
0.488563
0.390029
0.598827
0.598827
0.598827
0.598827
0.522581
0.153666
0.181818
0.367155
0.348387
0.266862
0.370088
0.402933
0.598827
0.598827
0.598827
0.598827
0.598827
0.598827
0.598827
0.598827
0.598827
0.598827
0.598827
0.598827
0.598827
0.598827
0.598827
0.598827
0.598827
0.282698
0.036950
0.000587
0.000587
0.000587
0.447507
0.598827
0.598827
0.598827
0.598827
0.598827
0.598827
0.528446
0.000587
0.000587
0.000587
0.000587
0.000587
0.000587
0.000587
0.229326
0.000587
0.000587
0.067449
0.351320
0.434604
0.400587
0.393548
0.371261
0.421114
0.527273
0.598827
0.598827
0.598827
0.598827
0.598827
0.598827
0.598827
0.598827
0.598827
0.598827
0.598827
0.598827
0.505572
0.354252
0.001760
0.000587
0.000587
0.000587
0.054545
0.000587
0.142522
0.598827
0.598827
0.598827
0.265103
0.000587
0.000587
0.000587
0.000587
0.000587
0.000587
0.000587
0.000587
0.165396
0.260411
0.222287
0.147214
0.000587
0.045748
0.248094
0.430499
0.563636
0.598827
0.598827
0.598827
0.598827
0.598827
0.598827
0.598827
0.598827
0.598827
0.598827
0.598827
0.041056
0.000587
0.000587
0.000587
0.000587
0.000587
0.527273
0.598827
0.496774
0.424633
0.299707
0.000587
0.000587
0.000587
0.000587
0.000587
0.000587
0.000587
0.000587
0.000587
0.000587
0.000587
0.113783
0.578886
0.598827
0.598827
0.598827
0.598827
0.598827
0.598827
0.598827
0.598827
0.598827
0.598827
0.598827
0.598827
0.598827
0.598827
0.503812
0.334311
0.243988
0.226979
0.176540
0.032845
0.000587
0.000587
0.000587
0.000587
0.000587
0.000587
0.000587
0.097361
0.598827
0.598827
0.598827
0.598827
0.598827
0.598827
0.598827
0.598827
0.598827
0.598827
0.598827
0.598827
0.541349
0.265689
0.129032
0.000587
0.000587
0.000587
0.000587
0.000587
0.248680
0.598827
0.598827
0.598827
0.598827
0.598827
0.598827
0.598827
0.598827
0.598827
0.511437
0.149560
0.000587
0.000587
0.361877
0.598827
0.457478
0.481525
0.598827
0.598827
0.598827
0.598827
0.276833
0.000587
0.000587
0.000587
0.000587
0.000587
0.000587
0.000587
0.000587
0.000587
0.000587
0.000587
0.598827
0.598827
0.598827
0.598827
0.598827
0.598827
0.598827
0.598827
0.598827
0.598827
0.598827
0.598827
0.598827
0.598827
0.598827
0.598827
0.598827
0.598827
0.598827
0.000587
0.000587
0.000587
0.000587
0.000587
0.000587
0.000587
0.000587
0.363636
0.598827
0.598827
0.598827
0.598827
0.598827
0.268622
0.310850
0.598827
0.598827
0.598827
0.598827
0.458065
0.174780
0.172434
0.320821
0.320821
0.047507
0.000587
0.000587
0.106158
0.416422
0.598827
0.598827
0.598827
0.598827
0.598827
0.598827
0.598827
0.598827
0.573021
0.518475
0.484457
0.291496
0.000587
0.000587
0.000587
0.000587
0.000587
0.489736
0.598827
0.598827
0.598827
0.375367
0.000587
0.000587
0.000587
0.000587
0.000587
0.000587
0.000587
0.598827
0.598827
0.568328
0.000587
0.000587
0.197067
0.598827
0.598827
0.598827
0.598827
0.598827
0.598827
0.598827
0.598827
0.598827
0.598827
0.598827
0.598827
0.598827
0.598827
0.598827
0.598827
0.598827
0.598827
0.109091
0.000587
0.000587
0.000587
0.000587
0.000587
0.000587
0.000587
0.000587
0.000587
0.350147
0.598827
0.598827
0.598827
0.306158
0.000587
0.170088
0.526686
0.598827
0.598827
0.598827
0.598827
0.598827
0.598827
0.598827
0.304985
0.000587
0.000587
0.000587
0.000587
0.000587
0.000587
0.000587
0.144282
0.456892
0.598827
0.598827
0.598827
0.598827
0.598827
0.598827
0.598827
0.598827
0.598827
0.000587
0.000587
0.000587
0.000587
0.000587
0.000587
0.128446
0.549560
0.384751
0.268622
0.000587
0.000587
0.030499
0.452199
0.487977
0.339589
0.170674
0.327273
0.510264
0.382405
0.169501
0.066862
0.378886
0.598827
0.598827
0.598827
0.598827
0.598827
0.598827
0.598827
0.598827
0.598827
0.598827
0.598827
0.598827
0.598827
0.598827
0.598827
0.598827
0.343695
0.207038
0.083284
0.000587
0.000587
0.000587
0.000587
0.000587
0.000587
0.000587
0.322581
0.136070
0.000587
0.058065
0.411144
0.034018
0.000587
0.000587
0.000587
0.479179
0.598827
0.598827
0.598827
0.598827
0.459238
0.546041
0.598827
0.598827
0.598827
0.598827
0.598827
0.598827
0.598827
0.410557
0.018182
0.000587
0.057478
0.415249
0.598827
0.598827
0.598827
0.598827
0.598827
0.598827
0.598827
0.598827
0.328446
0.110850
0.598827
0.598827
0.598827
0.598827
0.598827
0.598827
0.246334
0.276833
0.192962
0.000587
0.000587
0.000587
0.000587
0.000587
0.000587
0.000587
0.000587
0.000587
0.000587
0.000587
0.000587
0.000587
0.000587
0.000587
0.000587
0.105572
0.429326
0.598827
0.598827
0.598827
0.598827
0.598827
0.598827
0.598827
0.598827
0.598827
0.598827
0.598827
0.598827
0.367742
0.091496
0.208211
0.153666
0.000587
0.000587
0.000587
0.000587
0.000587
0.000587
0.000587
0.000587
0.000587
0.147214
0.570675
0.277419
0.000587
0.000587
0.000587
0.000587
0.000587
0.197654
0.409971
0.387683
0.298534
0.237537
0.000587
0.000587
0.000587
0.000587
0.000587
0.110850
0.598827
0.598827
0.598827
0.598827
0.598827
0.598827
0.598827
0.598827
0.598827
0.598827
0.598827
0.598827
0.460997
0.489736
0.296188
0.000587
0.000587
0.598827
0.598827
0.598827
0.598827
0.598827
0.598827
0.385924
0.000587
0.358944
0.547214
0.000587
0.000587
0.000587
0.000587
0.000587
0.000587
0.000587
0.000587
0.012903
0.598827
0.598827
0.598827
0.598827
0.598827
0.598827
0.598827
0.598827
0.598827
0.598827
0.598827
0.598827
0.598827
0.598827
0.302053
0.598827
0.598827
0.598827
0.598827
0.598827
0.077419
0.000587
0.000587
0.000587
0.000587
0.033431
0.598827
0.598827
0.202933
0.148974
0.598827
0.598827
0.240469
0.000587
0.000587
0.000587
0.000587
0.000587
0.000587
0.000587
0.000587
0.000587
0.226393
0.237537
0.249267
0.370674
0.261584
0.007625
0.049267
0.598827
0.598827
0.598827
0.598827
0.598827
0.598827
0.598827
0.598827
0.598827
0.411144
0.307331
0.123754
0.000587
0.000587
0.000587
0.123167
0.598827
0.598827
0.598827
0.598827
0.598827
0.598827
0.598827
0.358944
0.151320
0.000587
0.000587
0.000587
0.000587
0.000587
0.000587
0.000587
0.488563
0.598827
0.598827
0.598827
0.598827
0.598827
0.598827
0.598827
0.598827
0.598827
0.598827
0.598827
0.598827
0.598827
0.598827
0.598827
0.598827
0.598827
0.598827
0.598827
0.598827
0.371261
0.000587
0.000587
0.000587
0.000587
0.000587
0.000587
0.000587
0.000587
0.598827
0.598827
0.598827
0.598827
0.598827
0.000587
0.000587
0.000587
0.017009
0.597654
0.598827
0.598827
0.598827
0.458651
0.104985
0.078592
0.175953
0.229912
0.199413
0.000587
0.000587
0.000587
0.000587
0.135484
0.598827
0.598827
0.598827
0.598827
0.516716
0.189443
0.168328
0.024047
0.000587
0.000587
0.000587
0.000587
0.000587
0.000587
0.000587
0.598827
0.598827
0.598827
0.598827
0.598827
0.598827
0.598827
0.234018
0.000587
0.000587
0.000587
0.000587
0.000587
0.000587
0.000587
0.023460
0.598827
0.598827
0.598827
0.598827
0.598827
0.598827
0.598827
0.598827
0.598827
0.598827
0.598827
0.598827
0.598827
0.598827
0.598827
0.598827
0.598827
0.598827
0.598827
0.336657
0.000587
0.000587
0.000587
0.000587
0.000587
0.000587
0.000587
0.598827
0.598827
0.598827
0.598827
0.418182
0.000587
0.000587
0.000587
0.000587
0.000587
0.000587
0.000587
0.105572
0.236950
0.404692
0.517302
0.556012
0.486804
0.427566
0.361877
0.287390
0.265103
0.307331
0.361290
0.382405
0.363050
0.376540
0.428739
0.476246
0.456305
0.444575
0.429912
0.408211
0.337243
0.323167
0.295015
0.277419
0.400587
0.598827
0.598827
0.598827
0.598827
0.402346
0.181818
0.298534
0.316716
0.302639
0.299707
0.325513
0.339003
0.380645
0.409384
0.444575
0.487977
0.517889
0.548974
0.580059
0.598827
0.598827
0.598827
0.598827
0.598827
0.598827
0.598827
0.598827
0.598827
0.556012
0.495015
0.461584
0.436364
0.407038
0.400000
0.381818
0.401173
0.415249
0.436364
0.431672
0.444575
0.452199
0.446334
0.450440
0.438710
0.437537
0.415836
0.433431
0.429912
0.436950
0.460997
0.466862
0.480938
0.448094
0.424633
0.410557
0.391789
0.382991
0.385924
0.389443
0.397654
0.576540
0.598827
0.598827
0.598827
0.598827
0.546041
0.248680
0.341349
0.343109
0.340176
0.344282
0.363636
0.388270
0.394135
0.401760
0.422874
0.442229
0.460997
0.502639
0.546041
0.567742
0.598827
0.598827
0.598827
0.598827
0.598827
0.577126
0.523754
0.479179
0.418768
0.395308
0.359531
0.343695
0.324927
0.325513
0.334311
0.348387
0.370674
0.387683
0.413490
0.398240
0.402933
0.402933
0.393548
0.394721
0.390616
0.394135
0.381818
0.377126
0.385337
0.433431
0.453372
0.473314
0.429326
0.401173
0.415249
0.400000
0.385924
0.388270
0.383578
0.425220
0.598827
0.598827
0.598827
0.598827
0.598827
0.439883
0.203519
0.291496
0.297361
0.296188
0.321408
0.356598
0.408798
0.466862
0.524340
0.560704
0.575367
0.585924
0.581232
0.598827
0.598827
0.598827
0.598827
0.598827
0.598827
0.594135
0.554252
0.485044
0.424633
0.365982
0.331378
0.299120
0.279765
0.262757
0.279179
0.299120
0.299707
0.303812
0.287390
0.289150
0.300880
0.329619
0.348387
0.355425
0.371848
0.370674
0.377713
0.387683
0.400000
0.432258
0.464516
0.479179
0.455132
0.423460
0.392375
0.376540
0.348387
0.326100
0.330205
0.319648
0.420528
0.598827
0.598827
0.598827
0.598827
0.598827
0.378299
0.343695
0.373607
0.355425
0.359531
0.368915
0.381818
0.402346
0.415249
0.423460
0.451613
0.457478
0.479765
0.499707
0.539589
0.565982
0.586510
0.598827
0.598827
0.598827
0.567155
0.514956
0.465103
0.418182
0.382991
0.354839
0.335484
0.306745
0.310264
0.306745
0.307331
0.290323
0.304985
0.327273
0.324340
0.341349
0.334897
0.347214
0.351320
0.350147
0.344868
0.348974
0.368328
0.365982
0.387683
0.392375
0.428153
0.432258
0.409384
0.390616
0.364809
0.335484
0.310850
0.316716
0.289150
0.330792
0.556012
0.598827
0.598827
0.598827
0.598827
0.414076
0.295601
0.380059
0.377713
0.368328
0.341349
0.392962
0.400000
0.394721
0.406452
0.430499
0.455718
0.469208
0.481525
0.489150
0.527273
0.550147
0.581232
0.595894
0.598827
0.598827
0.562463
0.519648
0.466862
0.404692
0.373021
0.351906
0.356598
0.359531
0.353079
0.370088
0.387683
0.377713
0.394721
0.409971
0.412903
0.399413
0.397654
0.431085
0.422287
0.419941
0.424047
0.439296
0.413490
0.455718
0.481525
0.504985
0.550147
0.512610
0.487390
0.500880
0.480938
0.459824
0.487390
0.470968
0.486804
0.598827
0.598827
0.598827
0.598827
0.598827
0.598827
0.339589
0.388270
0.390029
0.386510
0.380059
0.393548
0.397067
0.389443
0.426979
0.423460
0.460411
0.476833
0.509677
0.531378
0.566569
0.588270
0.597654
0.598827
0.598827
0.598827
0.559531
0.515543
0.456892
0.386510
0.337243
0.290909
0.282698
0.249853
0.255132
0.268622
0.319062
0.378299
0.370674
0.396481
0.398827
0.357771
0.333138
0.330792
0.264516
0.249853
0.252786
0.276246
0.321408
0.388856
0.476833
0.529032
0.529032
0.484457
0.440469
0.443402
0.415249
0.380059
0.370088
0.375367
0.457478
0.598827
0.598827
0.598827
0.598827
0.598827
0.296774
0.365982
0.421114
0.408798
0.401173
0.435777
0.479765
0.541349
0.568915
0.592375
0.589443
0.598827
0.598827
0.592962
0.578299
0.598827
0.598827
0.598827
0.598827
0.598827
0.598827
0.598827
0.598827
0.598827
0.564223
0.560117
0.485044
0.487977
0.453959
0.434604
0.420528
0.392962
0.392962
0.379472
0.404106
0.419355
0.458651
0.465689
0.451613
0.438710
0.428739
0.431672
0.440469
0.507918
0.577126
0.565396
0.525513
0.443988
0.438123
0.399413
0.397067
0.381818
0.333138
0.398827
0.587097
0.598827
0.598827
0.598827
0.598827
0.242229
0.228152
0.287390
0.287977
0.293842
0.295601
0.286804
0.301466
0.293842
0.290323
0.268622
0.280938
0.317302
0.370674
0.435777
0.488563
0.547801
0.598827
0.598827
0.598827
0.598827
0.598827
0.598827
0.598827
0.559531
0.524927
0.445161
0.451026
0.446334
0.373021
0.345455
0.330205
0.306158
0.273900
0.250440
0.242229
0.244575
0.245748
0.232258
0.232845
0.211144
0.184164
0.185924
0.219355
0.297947
0.324927
0.372434
0.408211
0.466862
0.473900
0.518475
0.563636
0.577126
0.598827
0.598827
0.598827
0.598827
0.598827
0.598827
0.499707
0.410557
0.405279
0.352493
0.285631
0.251613
0.215249
0.212317
0.227566
0.268035
0.344868
0.415249
0.499120
0.588856
0.598827
0.598827
0.598827
0.598827
0.598827
0.598827
0.598827
0.580059
0.543695
0.491496
0.445748
0.431085
0.422287
0.415836
0.436364
0.436950
0.429326
0.416422
0.436364
0.437537
0.454545
0.451613
0.421114
0.425220
0.412903
0.409384
0.393548
0.400587
0.445748
0.489736
0.502053
0.475660
0.453959
0.432845
0.418182
0.392962
0.384164
0.384164
0.402346
0.545455
0.598827
0.598827
0.598827
0.598827
0.329619
0.300293
0.370674
0.365396
0.365982
0.357185
0.364223
0.348974
0.357771
0.376540
0.390029
0.412903
0.436950
0.468622
0.473900
0.487977
0.493842
0.504399
0.516129
0.506745
0.531965
0.511437
0.487977
0.466276
0.422287
0.390616
0.360117
0.346041
0.324340
0.309091
0.299707
0.306745
0.313196
0.327273
0.344868
0.343109
0.348974
0.333724
0.322581
0.300880
0.296188
0.314369
0.340176
0.391202
0.393548
0.358358
0.333724
0.350147
0.347801
0.329032
0.347214
0.337243
0.385924
0.591789
0.598827
0.598827
0.598827
0.598827
0.282111
0.314956
0.385924
0.390616
0.391789
0.398240
0.409971
0.421114
0.434604
0.441642
0.470968
0.496188
0.524927
0.545455
0.558944
0.578299
0.580645
0.594135
0.587097
0.587683
0.561877
0.515543
0.478006
0.443988
0.405279
0.367742
0.367742
0.356598
0.358944
0.361290
0.373607
0.382405
0.375367
0.380645
0.382991
0.390616
0.384164
0.382405
0.381232
0.375367
0.387683
0.400587
0.442229
0.465103
0.435777
0.388270
0.382405
0.367742
0.346628
0.344282
0.341349
0.330205
0.426393
0.598827
0.598827
0.598827
0.598827
0.473314
0.265689
0.346628
0.360704
0.340176
0.353079
0.357185
0.359531
0.368328
0.382991
0.421701
0.452786
0.480938
0.489736
0.511437
0.534311
0.540762
0.548387
0.562463
0.557185
0.533138
0.504399
0.459238
0.413490
0.371261
0.347801
0.342522
0.316716
0.320235
0.331965
0.331965
0.355425
0.357185
0.373607
0.380059
0.384164
0.382405
0.384164
0.391202
0.384164
0.384164
0.381818
0.411730
0.439883
0.465103
0.429326
0.392375
0.379472
0.370088
0.349560
0.344868
0.350733
0.337243
0.435777
0.598827
0.598827
0.598827
0.598827
0.530205
0.269795
0.367742
0.373607
0.354252
0.373607
0.375367
0.383578
0.385924
0.409384
0.429326
0.451026
0.479179
0.502639
0.520821
0.546628
0.568915
0.548974
0.562463
0.571261
0.563050
0.527273
0.482111
0.446921
0.406452
0.375367
0.350733
0.338416
0.332551
0.346041
0.361877
0.362463
0.376540
0.382991
0.385924
0.391202
0.393548
0.397654
0.390029
0.392962
0.385337
0.393548
0.382405
0.391789
0.386510
0.404692
0.445748
0.469208
0.478006
0.431085
0.417009
0.402346
0.380645
0.370674
0.378299
0.375953
0.453372
0.598827
0.598827
0.598827
0.598827
0.598827
0.351320
0.353079
0.400000
0.384164
0.378299
0.388856
0.411730
0.413490
0.418768
0.443402
0.463343
0.498534
0.513197
0.539589
0.558358
0.579472
0.581818
0.588270
0.579472
0.565982
0.558944
0.513197
0.475660
0.434018
0.387097
0.377713
0.349560
0.353666
0.355425
0.376540
0.374780
0.400000
0.390616
0.392962
0.398827
0.411144
0.420528
0.409971
0.415836
0.407038
0.398827
0.404106
0.392375
0.390029
0.390029
0.419355
0.403519
0.417595
0.441642
0.469208
0.494428
0.448094
0.425806
0.421114
0.404692
0.376540
0.377713
0.388856
0.434604
0.598827
0.598827
0.598827
0.598827
0.598827
0.432258
0.341349
0.412903
0.393548
0.385337
0.407038
0.411144
0.409971
0.432258
0.452199
0.469208
0.487977
0.512610
0.540176
0.562463
0.589443
0.588270
0.581818
0.586510
0.575953
0.557771
0.512024
0.479765
0.417595
0.404106
0.369501
0.337243
0.334311
0.340176
0.361290
0.368328
0.384751
0.395894
0.398240
0.406452
0.391789
0.412317
0.404106
0.395894
0.392375
0.396481
0.380645
0.376540
0.382991
0.373607
0.364223
0.359531
0.370674
0.371261
0.374780
0.386510
0.391789
0.388270
0.404106
0.442815
0.466276
0.451613
0.412903
0.410557
0.401760
0.376540
0.382405
0.383578
0.413490
0.565982
0.598827
0.598827
0.598827
0.598827
0.545455
0.317889
0.400587
0.417595
0.388270
0.398827
0.400587
0.407625
0.414076
0.438123
0.469795
0.489150
0.504985
0.542522
0.568915
0.594135
0.594721
0.598827
0.598827
0.598827
0.584164
0.567155
0.516129
0.462170
0.419941
0.375367
0.343695
0.332551
0.337830
0.341349
0.354839
0.376540
0.390029
0.394135
0.384751
0.393548
0.378886
0.390616
0.384164
0.388856
0.378886
0.368915
0.361877
0.368915
0.374194
0.364223
0.363050
0.365396
0.361877
0.367742
0.358944
0.372434
0.373021
0.384164
0.388270
0.384164
0.389443
0.391789
0.392375
0.399413
0.411730
0.411730
0.458065
0.493255
0.473314
0.448094
0.429326
0.441642
0.397067
0.397067
0.398827
0.421701
0.574780
0.598827
0.598827
0.598827
0.598827
0.561877
0.334897
0.427566
0.419941
0.405279
0.398827
0.412903
0.414663
0.429912
0.448094
0.465689
0.495601
0.518475
0.544868
0.558944
0.594135
0.598827
0.598827
0.598827
0.598827
0.598827
0.590616
0.542522
0.500293
0.460411
0.409971
0.382405
0.359531
0.345455
0.349560
0.358358
0.367155
0.378299
0.393548
0.387683
0.385924
0.398240
0.386510
0.405279
0.404106
0.394135
0.395308
0.397654
0.390029
0.373607
0.379472
0.375953
0.375953
0.374780
0.388856
0.380645
0.385337
0.391202
0.388856
0.390029
0.400000
0.406452
0.403519
0.411144
0.406452
0.419941
0.435777
0.468622
0.494428
0.475660
0.444575
0.440469
0.426979
0.407038
0.409384
0.412317
0.450440
0.598827
0.598827
0.598827
0.598827
0.598827
0.470968
0.321994
0.415249
0.406452
0.408211
0.409384
0.419355
0.429326
0.424047
0.466862
0.485044
0.503226
0.529032
0.553666
0.571261
0.598240
0.598827
0.598827
0.598827
0.598240
0.587683
0.558358
0.514956
0.463930
0.416422
0.382405
0.352493
0.334897
0.326100
0.336657
0.350733
0.362463
0.368915
0.367742
0.391202
0.390029
0.391202
0.397067
0.398827
0.391789
0.387097
0.379472
0.367155
0.371848
0.357771
0.361290
0.361877
0.369501
0.365982
0.374780
0.387683
0.375953
0.387683
0.403519
0.445748
0.444575
0.420528
0.400587
0.387683
0.377126
0.362463
0.373607
0.365396
0.454545
0.598827
0.598827
0.598827
0.598827
0.598827
0.321408
0.335484
0.398827
0.384164
0.380645
0.384751
0.395894
0.410557
0.426979
0.449267
0.466276
0.490323
0.526686
0.557185
0.581818
0.598827
0.598827
0.598827
0.598827
0.598827
0.595308
0.541936
0.480352
0.417009
0.385924
0.340176
0.331965
0.323167
0.307918
0.314369
0.333138
0.350147
0.345455
0.363050
0.358944
0.370088
0.378299
0.376540
0.376540
0.371261
0.370088
0.350733
0.364809
0.364809
0.368915
0.367155
0.363050
0.375367
0.387097
0.439883
0.446334
0.450440
0.418768
0.387683
0.395308
0.361877
0.361290
0.355425
0.362463
0.485044
0.598827
0.598827
0.598827
0.598827
0.598827
0.293255
0.383578
0.395308
0.372434
0.377713
0.387097
0.394135
0.411144
0.426979
0.458065
0.463930
0.505572
0.529032
0.556598
0.598827
0.598827
0.598827
0.598827
0.598827
0.598827
0.569501
0.507918
0.442815
0.394135
0.361290
0.339003
0.321408
0.310850
0.309677
0.314956
0.320235
0.329032
0.351320
0.350733
0.362463
0.365396
0.375367
0.390616
0.377713
0.387683
0.382405
0.377126
0.371261
0.364809
0.365982
0.372434
0.372434
0.394135
0.446334
0.463930
0.449267
0.408211
0.392962
0.385924
0.358944
0.359531
0.362463
0.380059
0.494428
0.598827
0.598827
0.598827
0.598827
0.554839
0.295601
0.379472
0.403519
0.371261
0.378299
0.405865
0.409971
0.416422
0.429326
0.451613
0.470968
0.506745
0.523754
0.568915
0.598240
0.598827
0.598827
0.598827
0.598827
0.598827
0.573607
0.514956
0.467449
0.416422
0.373021
0.366569
0.341935
0.338416
0.334897
0.345455
0.365982
0.370088
0.395894
0.391202
0.399413
0.390616
0.409384
0.389443
0.394135
0.392375
0.379472
0.381818
0.373021
0.374194
0.374780
0.380059
0.375367
0.378886
0.437537
0.459824
0.474487
0.451026
0.421114
0.400000
0.379472
0.377126
0.377126
0.375367
0.427566
0.598827
0.598827
0.598827
0.598827
0.598827
0.448094
0.305572
0.400587
0.388270
0.382991
0.387683
0.396481
0.409384
0.432258
0.445161
0.460997
0.493255
0.522581
0.543695
0.578299
0.589443
0.598827
0.598827
0.598827
0.598827
0.591789
0.544868
0.509677
0.443988
0.415836
0.390616
0.362463
0.350147
0.343109
0.361290
0.373021
0.381232
0.388856
0.392962
0.409971
0.408798
0.414076
0.405279
0.412317
0.402346
0.406452
0.407625
0.391789
0.391789
0.380059
0.403519
0.401173
0.401173
0.424047
0.456305
0.489150
0.473314
0.448680
0.418182
0.407038
0.380645
0.381232
0.392962
0.374780
0.499120
0.598827
0.598827
0.598827
0.598827
0.598827
0.356598
0.377713
0.403519
0.405279
0.392375
0.400587
0.409384
0.411730
0.438123
0.449853
0.493255
0.509091
0.533724
0.563636
0.592375
0.598827
0.598827
0.598827
0.598827
0.598827
0.559531
0.516716
0.457478
0.407038
0.366569
0.327859
0.324340
0.304985
0.319062
0.316716
0.335484
0.352493
0.363050
0.364223
0.371848
0.378299
0.372434
0.377126
0.362463
0.364809
0.366569
0.359531
0.355425
0.349560
0.349560
0.341349
0.344282
0.348974
0.361877
0.361877
0.375367
0.418182
0.442229
0.441642
0.396481
0.373607
0.363636
0.343109
0.346041
0.352493
0.354839
0.443988
0.598827
0.598827
0.598827
0.598827
0.598827
0.296188
0.354839
0.394721
0.371261
0.371261
0.380059
0.390616
0.406452
0.421701
0.446921
0.465689
0.501466
0.527273
0.561877
0.592962
0.598827
0.598827
0.598827
0.598827
0.598827
0.598827
0.553079
0.505572
0.442815
0.390616
0.356012
0.344868
0.336657
0.329032
0.341935
0.353079
0.363050
0.373021
0.367742
0.391789
0.392375
0.397067
0.398827
0.400587
0.397067
0.392375
0.391202
0.381818
0.385924
0.385337
0.371848
0.381818
0.381818
0.380645
0.384164
0.391202
0.390029
0.401173
0.398240
0.413490
0.448094
0.469795
0.474487
0.434018
0.418768
0.404106
0.387683
0.388270
0.388270
0.390616
0.488563
0.598827
0.598827
0.598827
0.598827
0.598827
0.322581
0.377126
0.419355
0.391202
0.395308
0.390029
0.404692
0.415249
0.439296
0.467449
0.475073
0.506158
0.530205
0.557771
0.578299
0.598827
0.598827
0.598827
0.598827
0.598827
0.598827
0.564809
0.509677
0.449853
0.405865
0.384164
0.351906
0.341935
0.343695
0.363050
0.364809
0.371848
0.375367
0.390029
0.394721
0.387097
0.395308
0.392962
0.397067
0.376540
0.391789
0.391789
0.380645
0.382991
0.375367
0.378299
0.378886
0.387683
0.387683
0.385924
0.392962
0.391789
0.386510
0.397654
0.395894
0.408211
0.455718
0.483284
0.471554
0.435777
0.414663
0.414076
0.384164
0.395308
0.388856
0.393548
0.537243
0.598827
0.598827
0.598827
0.598827
0.598827
0.346628
0.374780
0.404692
0.400000
0.402933
0.428739
0.437537
0.444575
0.449853
0.473900
0.488563
0.513197
0.543109
0.572434
0.595894
0.598827
0.598827
0.598827
0.598827
0.598827
0.580645
0.543109
0.489150
0.448680
0.402346
0.368915
0.353079
0.343109
0.339003
0.355425
0.361290
0.364809
0.390616
0.389443
0.385924
0.405279
0.395308
0.409971
0.396481
0.394721
0.386510
0.390029
0.382991
0.381232
0.379472
0.373607
0.387097
0.381232
0.387097
0.382405
0.382991
0.395894
0.394135
0.404692
0.430499
0.465689
0.464516
0.450440
0.428739
0.405865
0.401760
0.388270
0.404692
0.391202
0.459238
0.598827
0.598827
0.598827
0.598827
0.598827
0.464516
0.348974
0.412317
0.404106
0.397654
0.394135
0.409971
0.407038
0.432258
0.437537
0.462170
0.475073
0.503226
0.537243
0.561290
0.598240
0.598827
0.598827
0.598827
0.583578
0.563050
0.528446
0.475660
0.413490
0.373021
0.340762
0.313196
0.297947
0.300293
0.297361
0.318475
0.327859
0.331378
0.347214
0.347801
0.368915
0.367742
0.367155
0.371261
0.368915
0.361290
0.354839
0.356598
0.341349
0.334897
0.341349
0.333138
0.333724
0.336070
0.337243
0.338416
0.350147
0.349560
0.349560
0.360117
0.366569
0.391789
0.424047
0.448680
0.441056
0.411144
0.397654
0.385337
0.375953
0.360117
0.371848
0.371848
0.523167
0.598827
0.598827
0.598827
0.598827
0.598827
0.298534
0.387097
0.384751
0.373021
0.375367
0.391202
0.397067
0.414076
0.432845
0.445161
0.469208
0.499707
0.528446
0.563636
0.594721
0.598827
0.598827
0.598827
0.598827
0.598827
0.591789
0.537243
0.492082
0.437537
0.390029
0.348974
0.333138
0.317889
0.324340
0.326100
0.333138
0.346041
0.359531
0.368915
0.368328
0.382991
0.382991
0.390616
0.387683
0.382991
0.389443
0.386510
0.384751
0.374194
0.373607
0.368328
0.370674
0.378299
0.375367
0.378886
0.374780
0.382405
0.391202
0.390616
0.410557
0.448094
0.483284
0.458651
0.426393
0.408211
0.404692
0.377126
0.378299
0.384751
0.381232
0.512610
0.598827
0.598827
0.598827
0.598827
0.598827
0.315543
0.390029
0.399413
0.387683
0.382991
0.398240
0.402346
0.414663
0.429912
0.439883
0.468035
0.488563
0.525513
0.546041
0.575953
0.598827
0.598827
0.598827
0.598827
0.598827
0.573021
0.533724
0.475660
0.431085
0.395894
0.366569
0.352493
0.327859
0.335484
0.337830
0.352493
0.365396
0.387097
0.401760
0.405279
0.404106
0.395894
0.400587
0.403519
0.391789
0.390029
0.384164
0.383578
0.370674
0.371261
0.365982
0.382405
0.375953
0.381818
0.378886
0.379472
0.390029
0.388270
0.405279
0.425806
0.462757
0.485044
0.463930
0.444575
0.441056
0.424633
0.399413
0.407038
0.397654
0.429326
0.598827
0.598827
0.598827
0.598827
0.598827
0.598827
0.333724
0.388270
0.398827
0.385337
0.382991
0.394721
0.407038
0.430499
0.435191
0.449853
0.470968
0.496188
0.540762
0.561290
0.588856
0.598827
0.598827
0.598827
0.598827
0.594721
0.550733
0.499120
0.443402
0.398827
0.355425
0.328446
0.315543
0.305572
0.302639
0.312610
0.320821
0.326100
0.337830
0.337830
0.347801
0.340176
0.342522
0.351906
0.347801
0.353079
0.338416
0.340176
0.336070
0.337830
0.335484
0.339003
0.355425
0.340176
0.353079
0.364223
0.387683
0.413490
0.445161
0.437537
0.402933
0.400587
0.384751
0.360117
0.351906
0.353666
0.354252
0.445748
0.598827
0.598827
0.598827
0.598827
0.598827
0.313196
0.327859
0.372434
0.353079
0.347801
0.358358
0.374194
0.375367
0.395308
0.411730
0.439883
0.472141
0.483871
0.518475
0.554839
0.593548
0.598240
0.598240
0.598827
0.575953
0.556012
0.506158
0.450440
0.400587
0.363050
0.336070
0.312023
0.307331
0.312023
0.319062
0.314369
0.334897
0.346628
0.356012
0.367742
0.359531
0.372434
0.371261
0.380645
0.373607
0.373021
0.369501
0.369501
0.369501
0.364809
0.367742
0.359531
0.364809
0.379472
0.381818
0.404106
0.439296
0.477419
0.451613
0.431085
0.415249
0.398240
0.378886
0.375953
0.382991
0.368328
0.458065
0.598827
0.598827
0.598827
0.598827
0.598827
0.335484
0.360117
0.398827
0.388270
0.381232
0.390029
0.398827
0.417009
0.441642
0.462757
0.483871
0.501466
0.534897
0.561877
0.596481
0.598827
0.598827
0.598827
0.598827
0.598827
0.598827
0.559531
0.497361
0.449853
0.407038
0.371848
0.359531
0.338416
0.346628
0.346628
0.364223
0.371848
0.385924
0.396481
0.399413
0.411730
0.409971
0.417595
0.412903
0.415249
0.409971
0.401760
0.404692
0.394135
0.392962
0.387683
0.394721
0.401760
0.407038
0.427566
0.461584
0.488563
0.463343
0.424047
0.405865
0.393548
0.372434
0.367155
0.380059
0.378886
0.512024
0.598827
0.598827
0.598827
0.598827
0.598827
0.341935
0.359531
0.394721
0.390029
0.392962
0.404692
0.409971
0.415836
0.429326
0.448094
0.482698
0.502639
0.531378
0.550733
0.578299
0.598827
0.598827
0.598827
0.598827
0.588856
0.560704
0.517889
0.470968
0.422287
0.388856
0.359531
0.353079
0.343109
0.356598
0.360704
0.380059
0.391789
0.390616
0.400587
0.400000
0.408798
0.408211
0.409971
0.413490
0.410557
0.395894
0.401760
0.398240
0.383578
0.388270
0.394135
0.403519
0.402346
0.419941
0.456892
0.477419
0.475073
0.438710
0.422287
0.408211
0.377126
0.371261
0.384751
0.377713
0.431085
0.598827
0.598827
0.598827
0.598827
0.598827
0.505572
0.324927
0.387683
0.381818
0.383578
0.384751
0.393548
0.411730
0.416422
0.436950
0.461584
0.485631
0.503226
0.547214
0.570675
0.592962
0.598827
0.598827
0.598240
0.577713
0.558358
0.499707
0.453372
0.414076
0.367155
0.344282
0.313783
0.313783
0.314956
0.319062
0.318475
0.334897
0.342522
0.350147
0.363050
0.363636
0.373021
0.367155
0.373607
0.362463
0.363050
0.361290
0.357771
0.351906
0.347801
0.351320
0.345455
0.352493
0.357771
0.368328
0.401173
0.424633
0.439296
0.405865
0.380645
0.380059
0.353079
0.343109
0.350733
0.353666
0.366569
0.592375
0.598827
0.598827
0.598827
0.598827
0.535484
0.297947
0.380059
0.367742
0.368328
0.368915
0.374780
0.380645
0.394135
0.421114
0.436950
0.476833
0.499707
0.535484
0.560704
0.598240
0.598827
0.598827
0.598827
0.598827
0.584164
0.526686
0.479765
0.440469
0.388856
0.357771
0.323167
0.309677
0.297947
0.311437
0.318475
0.329619
0.346041
0.360117
0.362463
0.361877
0.377713
0.380645
0.385337
0.380645
0.374780
0.378886
0.371261
0.373607
0.362463
0.369501
0.369501
0.368328
0.374194
0.375367
0.380645
0.404692
0.448680
0.460997
0.445748
0.414663
0.405865
0.393548
0.358358
0.364809
0.374194
0.377713
0.504399
0.598827
0.598827
0.598827
0.598827
0.598827
0.323167
0.385337
0.398240
0.382405
0.385337
0.392962
0.396481
0.410557
0.420528
0.456305
0.480938
0.506158
0.540176
0.565396
0.598240
0.598827
0.598827
0.598827
0.598827
0.598827
0.573607
0.534897
0.470968
0.435777
0.387097
0.360704
0.346041
0.340176
0.331378
0.339589
0.361290
0.368328
0.381818
0.381232
0.382405
0.396481
0.407625
0.404106
0.390616
0.392375
0.382405
0.389443
0.385924
0.378886
0.377713
0.374194
0.376540
0.373607
0.382991
0.380059
0.390029
0.395894
0.439883
0.471554
0.460997
0.440469
0.410557
0.410557
0.384164
0.380059
0.391202
0.385924
0.468622
0.598827
0.598827
0.598827
0.598827
0.598827
0.470381
0.329032
0.401760
0.401173
0.408211
0.415836
0.416422
0.433431
0.445748
0.458065
0.476246
0.491496
0.536070
0.561290
0.594135
0.598827
0.598827
0.598827
0.598827
0.597067
0.558358
0.513783
0.461584
0.417595
0.384751
0.356012
0.339589
0.317302
0.318475
0.329619
0.347801
0.349560
0.357185
0.366569
0.371261
0.383578
0.378886
0.378886
0.373021
0.377713
0.373607
0.373021
0.357771
0.354839
0.364223
0.357185
0.365396
0.358944
0.366569
0.365396
0.379472
0.382405
0.410557
0.452786
0.455132
0.431085
0.406452
0.405279
0.378886
0.368915
0.376540
0.374780
0.412317
0.598827
0.598827
0.598827
0.598827
0.598827
0.598827
0.317302
0.385337
0.385337
0.377126
0.384164
0.388270
0.392962
0.416422
0.430499
0.463930
0.475660
0.506158
0.536070
0.570088
0.597654
0.598827
0.598827
0.598827
0.595894
0.556598
0.526686
0.468622
0.418182
0.375953
0.333138
0.317302
0.304985
0.307331
0.304399
0.316129
0.332551
0.344868
0.353666
0.357185
0.358944
0.358358
0.371848
0.375367
0.365982
0.363636
0.359531
0.367742
0.361290
0.364223
0.357771
0.359531
0.357771
0.363050
0.370674
0.362463
0.373021
0.372434
0.382405
0.376540
0.378299
0.393548
0.403519
0.428153
0.452199
0.469208
0.441056
0.417595
0.417009
0.395308
0.377126
0.382405
0.387683
0.404692
0.597654
0.598827
0.598827
0.598827
0.598827
0.598827
0.331965
0.412317
0.400587
0.385337
0.395894
0.408211
0.414076
0.426979
0.452786
0.470968
0.490909
0.516129
0.556012
0.590616
0.598827
0.598827
0.598827
0.598827
0.598827
0.598827
0.573607
0.521994
0.471554
0.415249
0.382991
0.358944
0.341935
0.334897
0.339003
0.341935
0.357185
0.368915
0.364809
0.375953
0.381232
0.385337
0.385924
0.382405
0.384751
0.387683
0.392962
0.380645
0.378299
0.375367
0.380059
0.379472
0.380059
0.381818
0.380059
0.384164
0.381232
0.381818
0.383578
0.392962
0.394721
0.397654
0.405279
0.408798
0.419941
0.426393
0.452786
0.491496
0.500293
0.460997
0.434018
0.433431
0.411730
0.408798
0.407625
0.407625
0.470381
0.598827
0.598827
0.598827
0.598827
0.598827
0.504399
0.368328
0.437537
0.426979
0.417595
0.428739
0.429326
0.445161
0.460411
0.476833
0.506745
0.528446
0.554252
0.581818
0.598827
0.598827
0.598827
0.598827
0.598827
0.598827
0.598827
0.574194
0.520235
0.473900
0.418768
0.395894
0.367155
0.354839
0.338416
0.350733
0.356012
0.364223
0.380645
0.382405
0.395894
0.401173
0.401173
0.407625
0.401760
0.401173
0.395308
0.389443
0.385924
0.382405
0.378299
0.382405
0.389443
0.382991
0.391202
0.395308
0.396481
0.393548
0.389443
0.396481
0.392375
0.394135
0.395308
0.418182
0.434604
0.466862
0.487390
0.452786
0.430499
0.427566
0.417009
0.395894
0.400587
0.394135
0.425806
0.598827
0.598827
0.598827
0.598827
0.598827
0.598827
0.350147
0.382405
0.411144
0.398240
0.392962
0.415249
0.421114
0.430499
0.445748
0.468035
0.500880
0.524927
0.558358
0.580059
0.598827
0.598827
0.598827
0.598827
0.598827
0.598827
0.564223
0.514956
0.461584
0.407625
0.378299
0.355425
0.333138
0.317889
0.330792
0.325513
0.353079
0.350147
0.355425
0.339589
0.360117
0.391202
0.408211
0.402933
0.387097
0.388856
0.387097
0.390616
0.388856
0.382991
0.384751
0.377713
0.381232
0.373607
0.377126
0.378886
0.383578
0.390029
0.384751
0.391789
0.394135
0.405865
0.441056
0.470381
0.466862
0.438123
0.425220
0.419941
0.404106
0.385337
0.398827
0.397654
0.442815
0.598827
0.598827
0.598827
0.598827
0.598827
0.598827
0.368328
0.429326
0.431085
0.417595
0.418182
0.439883
0.444575
0.460411
0.472727
0.501466
0.525513
0.550147
0.585337
0.598827
0.598827
0.598827
0.598827
0.598827
0.598827
0.598827
0.565982
0.513197
0.449267
0.409971
0.368915
0.352493
0.336070
0.333138
0.334311
0.339003
0.344868
0.343695
0.365982
0.380059
0.381818
0.386510
0.380645
0.387097
0.385337
0.398827
0.390616
0.393548
0.400000
0.392962
0.388270
0.393548
0.396481
0.389443
0.398827
0.398827
0.403519
0.399413
0.407038
0.407038
0.404692
0.416422
0.425806
0.462757
0.478592
0.483871
0.466862
0.433431
0.442229
0.408798
0.399413
0.402933
0.409384
0.444575
0.598827
0.598827
0.598827
0.598827
0.598827
0.520235
0.351906
0.417595
0.415249
0.395894
0.417595
0.419941
0.431085
0.439883
0.462757
0.479765
0.503812
0.529032
0.557185
0.595308
0.598827
0.598827
0.598827
0.598827
0.598827
0.598827
0.567742
0.495015
0.436364
0.394721
0.371848
0.343109
0.320235
0.310264
0.296188
0.307918
0.314369
0.327273
0.334897
0.341935
0.347214
0.344868
0.353666
0.347801
0.349560
0.331965
0.349560
0.348387
0.342522
0.337243
0.336070
0.342522
0.341349
0.341935
0.333724
0.328446
0.338416
0.339003
0.340176
0.348387
0.388856
0.409971
0.410557
0.382991
0.370088
0.364809
0.337830
0.331378
0.331965
0.337830
0.374780
0.587097
0.598827
0.598827
0.598827
0.598827
0.356012
0.282111
0.361290
0.353079
0.345455
0.355425
0.367155
0.387097
0.398240
0.420528
0.443988
0.479765
0.495015
0.527859
0.571261
0.597654
0.598827
0.598827
0.598827
0.598827
0.589443
0.538416
0.481525
0.431672
0.374194
0.346628
0.319062
0.310264
0.298534
0.299120
0.304399
0.312023
0.322581
0.321408
0.340176
0.343695
0.347214
0.355425
0.356598
0.358358
0.351906
0.351906
0.341349
0.350147
0.346628
0.343109
0.344868
0.337243
0.346041
0.342522
0.356012
0.355425
0.384164
0.416422
0.441056
0.410557
0.388270
0.395894
0.375367
0.360704
0.361877
0.377713
0.385924
0.520235
0.598827
0.598827
0.598827
0.598827
0.598827
0.366569
0.364223
0.408211
0.395894
0.402346
0.408211
0.419941
0.424633
0.441056
0.465103
0.487390
0.515543
0.538416
0.581232
0.598827
0.598827
0.598827
0.598827
0.598827
0.598827
0.567155
0.511437
0.466276
0.411144
0.380059
0.358358
0.342522
0.331378
0.330205
0.343109
0.347801
0.360704
0.364809
0.373607
0.377126
0.379472
0.395308
0.389443
0.398240
0.391789
0.391789
0.384751
0.387097
0.383578
0.379472
0.380059
0.370674
0.385337
0.389443
0.411730
0.446334
0.470968
0.449267
0.413490
0.414076
0.385337
0.370088
0.367155
0.375953
0.367155
0.471554
0.598827
0.598827
0.598827
0.598827
0.598827
0.384164
0.356598
0.402933
0.389443
0.394135
0.394721
0.411144
0.425220
0.439883
0.456892
0.480352
0.503226
0.527859
0.565396
0.587097
0.598827
0.598827
0.598827
0.598827
0.579472
0.550147
0.495015
0.442815
0.392375
0.363636
0.338416
0.320821
0.315543
0.311437
0.324927
0.326686
0.340176
0.345455
0.357185
0.365396
0.362463
0.368328
0.361877
0.372434
0.367742
0.363050
0.354252
0.347801
0.350147
0.347801
0.351320
0.344868
0.359531
0.353666
0.375953
0.411144
0.435777
0.432845
0.392962
0.389443
0.376540
0.353079
0.350733
0.346041
0.343695
0.388856
0.598827
0.598827
0.598827
0.598827
0.598827
0.484457
0.317302
0.387683
0.361290
0.360704
0.367742
0.380059
0.391202
0.407038
0.425806
0.441642
0.471554
0.500293
0.545455
0.574780
0.598827
0.598827
0.598827
0.598827
0.591202
0.565982
0.511437
0.459824
0.401760
0.361877
0.337243
0.314369
0.307331
0.302639
0.310264
0.313783
0.326100
0.337830
0.346628
0.351320
0.360117
0.366569
0.363050
0.371261
0.367155
0.364809
0.358944
0.356598
0.368915
0.365982
0.365396
0.360704
0.365982
0.376540
0.375367
0.378886
0.378299
0.389443
0.402346
0.443402
0.462757
0.448680
0.410557
0.408798
0.402346
0.368328
0.376540
0.379472
0.379472
0.470968
0.598827
0.598827
0.598827
0.598827
0.598827
0.381232
0.372434
0.405865
0.390616
0.380645
0.388856
0.398827
0.424633
0.435777
0.454545
0.475073
0.500880
0.526686
0.558944
0.595308
0.598827
0.598827
0.598827
0.598827
0.598827
0.590029
0.537830
0.472141
0.421114
0.370674
0.348387
0.329032
0.320821
0.320235
0.324927
0.340176
0.346628
0.359531
0.364809
0.372434
0.376540
0.383578
0.382405
0.384164
0.391202
0.386510
0.384164
0.375367
0.372434
0.368915
0.375953
0.381818
0.379472
0.384164
0.372434
0.385924
0.384751
0.395308
0.390616
0.391789
0.426979
0.449267
0.466276
0.431672
0.419941
0.415249
0.390616
0.374194
0.380645
0.388270
0.405865
0.584164
0.598827
0.598827
0.598827
0.598827
0.598827
0.327273
0.397654
0.405279
0.392962
0.390616
0.405279
0.417009
0.428153
0.455718
0.466276
0.490323
0.507331
0.545455
0.575367
0.598827
0.598827
0.598827
0.598827
0.598827
0.598827
0.558944
0.512610
0.462170
0.411144
0.381818
0.349560
0.350147
0.334311
0.331965
0.339589
0.346628
0.358358
0.354839
0.368328
0.367155
0.379472
0.380645
0.389443
0.394721
0.385924
0.385924
0.383578
0.383578
0.375367
0.379472
0.378299
0.370674
0.373021
0.375367
0.383578
0.378886
0.388856
0.390029
0.387683
0.401760
0.439883
0.470381
0.450440
0.434604
0.421701
0.420528
0.392962
0.385924
0.390616
0.392962
0.465103
0.598827
0.598827
0.598827
0.598827
0.598827
0.503226
0.328446
0.406452
0.405279
0.382405
0.411730
0.425806
0.437537
0.446334
0.456892
0.485631
0.505572
0.532551
0.559531
0.597654
0.598827
0.598827
0.598827
0.598827
0.598827
0.582405
0.537830
0.478592
0.437537
0.394135
0.370088
0.355425
0.334311
0.343109
0.342522
0.353079
0.363050
0.372434
0.384751
0.390616
0.395308
0.392375
0.401760
0.394135
0.397654
0.391202
0.386510
0.388270
0.378299
0.381232
0.374194
0.377713
0.378299
0.378299
0.380059
0.374780
0.380059
0.384164
0.384164
0.406452
0.448094
0.458651
0.430499
0.414076
0.410557
0.402933
0.380645
0.380059
0.384164
0.399413
0.536657
0.598827
0.598827
0.598827
0.598827
0.598827
0.358358
0.375953
0.408798
0.390029
0.385337
0.392962
0.401173
0.422287
0.430499
0.447507
0.463930
0.492669
0.524927
0.550733
0.587097
0.598827
0.598827
0.598827
0.598827
0.588270
0.541936
0.487390
0.426979
0.385924
0.339003
0.322581
0.307918
0.304985
0.305572
0.301466
0.314956
0.322581
0.337830
0.339003
0.347801
0.358358
0.358944
0.365396
0.366569
0.373607
0.361877
0.365396
0.364223
0.363050
0.362463
0.351906
0.357771
0.353666
0.363050
0.356012
0.361290
0.362463
0.363636
0.371848
0.365982
0.384751
0.407625
0.436950
0.436950
0.402933
0.395894
0.395308
0.370088
0.344868
0.358944
0.357771
0.394135
0.594135
0.598827
0.598827
0.598827
0.598827
0.553666
0.331378
0.394721
0.376540
0.359531
0.371261
0.380645
0.385924
0.411144
0.424633
0.447507
0.466862
0.497947
0.536070
0.568328
0.598827
0.598827
0.598827
0.598827
0.598827
0.584751
0.529619
0.475660
0.415249
0.372434
0.333724
0.316716
0.303812
0.299120
0.303226
0.304985
0.312023
0.328446
0.344868
0.344868
0.356012
0.357771
0.355425
0.364809
0.362463
0.371261
0.370674
0.370674
0.364223
0.360117
0.359531
0.354839
0.357771
0.358944
0.373021
0.363636
0.375367
0.374194
0.374780
0.377713
0.381232
0.387683
0.383578
0.401760
0.425220
0.450440
0.459238
0.426979
0.420528
0.414076
0.393548
0.376540
0.390029
0.395308
0.415836
0.597067
0.598827
0.598827
0.598827
0.598827
0.598827
0.367155
0.431085
0.422874
0.416422
0.417595
0.429326
0.436950
0.459824
0.469208
0.492669
0.509091
0.537830
0.574780
0.598827
0.598827
0.598827
0.598827
0.598827
0.598827
0.598827
0.597067
0.544868
0.481525
0.439296
0.394721
0.371848
0.359531
0.353079
0.356012
0.356598
0.374194
0.376540
0.387683
0.388270
0.395894
0.405279
0.405865
0.412317
0.404692
0.406452
0.395894
0.400000
0.386510
0.387683
0.386510
0.388856
0.385337
0.384164
0.384751
0.385924
0.392375
0.403519
0.397654
0.404106
0.397067
0.427566
0.448680
0.468622
0.454545
0.428739
0.429912
0.413490
0.401760
0.398827
0.411730
0.418768
0.578299
0.598827
0.598827
0.598827
0.598827
0.598827
0.367742
0.402346
0.424047
0.412317
0.417009
0.424047
0.439296
0.446921
0.468622
0.492082
0.507331
0.530205
0.569501
0.596481
0.598827
0.598827
0.598827
0.598827
0.598827
0.598827
0.580645
0.523754
0.474487
0.421701
0.392962
0.369501
0.356012
0.346041
0.346041
0.353079
0.363050
0.385337
0.384751
0.396481
0.404106
0.407625
0.415836
0.415249
0.420528
0.417009
0.418768
0.406452
0.411730
0.409971
0.401173
0.402346
0.397654
0.405279
0.403519
0.407038
0.402933
0.413490
0.413490
0.438123
0.469208
0.485631
0.458651
0.440469
0.449267
0.424633
0.407038
0.415249
0.415836
0.436950
0.598827
0.598827
0.598827
0.598827
0.598827
0.598827
0.406452
0.414076
0.441056
0.421701
0.424633
0.427566
0.441056
0.455132
0.466862
0.487977
0.510264
0.541936
0.560117
0.594721
0.598827
0.598827
0.598827
0.598827
0.598827
0.598827
0.561290
0.501466
0.449853
0.406452
0.371261
0.354839
0.334311
0.331378
0.324927
0.336657
0.336657
0.351320
0.360117
0.361290
0.380645
0.380059
0.383578
0.381818
0.384164
0.382405
0.382991
0.382405
0.374780
0.380059
0.374194
0.368915
0.361877
0.371848
0.376540
0.365396
0.387097
0.414076
0.445748
0.434604
0.404692
0.395308
0.396481
0.367742
0.347801
0.363050
0.362463
0.398240
0.598827
0.598827
0.598827
0.598827
0.598827
0.598827
0.320235
0.381232
0.382405
0.360704
0.369501
0.379472
0.391202
0.415836
0.425220
0.446921
0.464516
0.488563
0.524927
0.555425
0.588270
0.598827
0.598827
0.598827
0.588270
0.548974
0.502639
0.452786
0.389443
0.347214
0.311437
0.302053
0.295015
0.291496
0.283871
0.289150
0.297361
0.306158
0.327273
0.327273
0.339003
0.340762
0.341349
0.347214
0.350733
0.358358
0.350733
0.350733
0.344868
0.343109
0.342522
0.342522
0.343109
0.336657
0.350733
0.344282
0.374194
0.402346
0.428153
0.401760
0.369501
0.374780
0.361877
0.340762
0.333724
0.350147
0.340176
0.445161
0.598827
0.598827
0.598827
0.598827
0.598827
0.388270
0.354839
0.382405
0.364809
0.364809
0.366569
0.384164
0.400587
0.420528
0.432845
0.454545
0.482698
0.509091
0.544868
0.577713
0.598827
0.598827
0.598827
0.598827
0.582991
0.540762
0.481525
0.432258
0.367742
0.340762
0.314956
0.304399
0.299707
0.301466
0.302639
0.309677
0.330792
0.337830
0.354252
0.356598
0.357771
0.365982
0.365982
0.373021
0.371848
0.375367
0.363050
0.365396
0.356012
0.357771
0.363050
0.358358
0.371261
0.365982
0.373607
0.377126
0.387097
0.392962
0.410557
0.452199
0.469795
0.448680
0.407038
0.422874
0.407625
0.375367
0.385337
0.388856
0.393548
0.498534
0.598827
0.598827
0.598827
0.598827
0.598827
0.403519
0.380059
0.412903
0.387683
0.395308
0.400000
0.412903
0.425806
0.435777
0.460997
0.470968
0.503812
0.536657
0.571261
0.598827
0.598827
0.598827
0.598827
0.598827
0.598827
0.583578
0.525513
0.470968
0.418768
0.377126
0.349560
0.326686
0.325513
0.318475
0.326100
0.330792
0.338416
0.354252
0.358358
0.375367
0.374780
0.382405
0.375953
0.382991
0.381232
0.377713
0.377713
0.368328
0.370088
0.361877
0.367155
0.364223
0.367155
0.367155
0.362463
0.373021
0.367742
0.373021
0.376540
0.384164
0.405865
0.436950
0.459824
0.428739
0.402933
0.397067
0.386510
0.363636
0.369501
0.375367
0.379472
0.525513
0.598827
0.598827
0.598827
0.598827
0.598827
0.325513
0.381232
0.387683
0.381818
0.378299
0.391202
0.404106
0.412903
0.429326
0.447507
0.471554
0.490909
0.528446
0.555425
0.595308
0.598827
0.598827
0.598827
0.598827
0.598827
0.556012
0.502053
0.442815
0.391202
0.346628
0.326100
0.314369
0.307331
0.311437
0.307331
0.324340
0.336070
0.349560
0.347801
0.352493
0.366569
0.371848
0.377126
0.370088
0.374194
0.370674
0.368328
0.364223
0.354252
0.363050
0.357771
0.358358
0.356598
0.363636
0.363636
0.358944
0.372434
0.370088
0.387097
0.418768
0.447507
0.439296
0.405279
0.402933
0.399413
0.374780
0.366569
0.374780
0.364809
0.424633
0.598827
0.598827
0.598827
0.598827
0.598827
0.490909
0.306745
0.377126
0.375953
0.368328
0.375953
0.393548
0.402933
0.424047
0.434604
0.458651
0.479765
0.506158
0.541936
0.557771
0.590029
0.598827
0.598827
0.598827
0.586510
0.553666
0.502053
0.455132
0.395894
0.360704
0.327859
0.312610
0.304985
0.297361
0.307331
0.310850
0.329032
0.334311
0.363050
0.362463
0.369501
0.375953
0.378299
0.392962
0.387683
0.392962
0.385924
0.388856
0.382991
0.379472
0.383578
0.373607
0.378886
0.371848
0.380645
0.385924
0.384751
0.398827
0.438710
0.460997
0.450440
0.424633
0.409384
0.414076
0.374780
0.378886
0.387097
0.382991
0.447507
0.598827
0.598827
0.598827
0.598827
0.598827
0.551320
0.347214
0.405279
0.400000
0.387097
0.399413
0.411730
0.430499
0.443988
0.456305
0.484457
0.502639
0.534311
0.563636
0.598827
0.598827
0.598827
0.598827
0.598827
0.598827
0.565982
0.516129
0.460411
0.414076
0.373607
0.334897
0.338416
0.322581
0.331378
0.329032
0.343695
0.346628
0.360117
0.368915
0.380059
0.388856
0.387683
0.395894
0.397067
0.400000
0.395894
0.394135
0.395894
0.387683
0.391789
0.388270
0.388856
0.383578
0.385337
0.392375
0.393548
0.401760
0.409384
0.451026
0.466276
0.452786
0.422874
0.417595
0.417595
0.378886
0.382991
0.382991
0.382405
0.466276
0.598827
0.598827
0.598827
0.598827
0.598827
0.453372
0.356598
0.414663
0.395894
0.393548
0.400000
0.407038
0.421114
0.439296
0.460997
0.482698
0.505572
0.533138
0.568328
0.598827
0.598827
0.598827
0.598827
0.598827
0.598827
0.563050
0.504985
0.445748
0.398827
0.349560
0.329032
0.310264
0.313196
0.312023
0.310264
0.320235
0.330205
0.347801
0.347801
0.360704
0.361877
0.366569
0.364223
0.363636
0.368328
0.361877
0.367742
0.356598
0.357185
0.346628
0.353079
0.353079
0.346628
0.356012
0.353666
0.361877
0.356598
0.358358
0.363050
0.373021
0.375367
0.371261
0.404692
0.430499
0.442815
0.411730
0.391202
0.389443
0.361877
0.351906
0.351906